Len1	Boot1	Len2	Boot2	NDesc	LeafA	LeafB	Node1	Node2
0.821880	1.000000	0.730087930153	100.0	1176	Phavu_v1.0	AXAF	3	4
0.292791	0.973257	0.307550309431	100.0	1175	SUAK	AXAF	5	6
0.194241	0.855407	0.141592028005	99.0	1174	NXOH	AXAF	7	8
2.582553	1.000000	2.88666982381	100.0	1173	JTQQ	AXAF	9	10
1.025684	0.998832	1.2804229676	100.0	6	JTQQ	RMWJ	10	11
0.066785	0.479792	0.1427688813	77.0	5	JTQQ	KNMB	11	13
3.369995	1.000000	3.98981184081	100.0	2	JTQQ	PEZP	12	14
0.928502	1.000000	0.875225672772	100.0	3	MYMP	KNMB	15	17
3.966030	1.000000	4.73327467263	100.0	2	MYMP	HJMP	16	19
0.455848	0.991095	0.463853763316	100.0	1167	VLNB	AXAF	21	22
0.481231	0.994131	0.672521638124	100.0	1166	TTRG	AXAF	23	24
3.226284	1.000000	4.376235982	100.0	2	TTRG	CMFF	24	25
1.153638	1.000000	1.35872593881	100.0	1164	SLYR	AXAF	27	28
0.401628	0.988605	0.411452139061	100.0	1163	ZSSR	AXAF	29	30
2.506860	1.000000	3.551812504	100.0	1162	PJSX	AXAF	31	32
1.703759	1.000000	2.53136464287	100.0	7	PJSX	QZXQ	32	33
0.631589	0.999059	0.642794894192	100.0	4	PJSX	KZED	33	39
2.554717	1.000000	3.90381136809	100.0	3	PJSX	XOOE	34	41
2.443926	1.000000	2.57587842799	100.0	2	PJSX	ZCDJ	35	43
2.803991	1.000000	2.9347282084	100.0	3	VHZV	QZXQ	40	34
1.587236	1.000000	1.50858393888	100.0	2	VHZV	GEHT	41	36
0.524769	0.988133	0.636734731854	100.0	1155	RKLL	AXAF	45	46
0.068636	0.516969	0.140311646818	98.0	3	RKLL	JETM	46	47
3.098794	1.000000	3.76745776593	100.0	2	RKFX	JETM	48	49
2.736281	1.000000	3.37868713602	100.0	1152	OQHZ	AXAF	51	52
0.139264	0.622716	0.163635832632	98.0	1151	OHAE	AXAF	53	54
2.060252	1.000000	4.0121150086	100.0	1150	LWDA	AXAF	55	56
2.575070	1.000000	4.59587930752	100.0	10	LWDA	TJLC	56	57
1.289989	1.000000	1.54985702776	100.0	9	LWDA	SVVG	57	59
0.765609	0.999927	0.808091346183	100.0	5	LWDA	DXQW	58	67
1.483083	1.000000	1.54200092477	100.0	3	LWDA	LNER	59	71
2.447147	1.000000	2.29103476652	100.0	2	LWDA	CWZU	60	73
0.581223	0.998930	0.623399017116	100.0	2	INSP	DXQW	64	68
2.751103	1.000000	3.80029169718	100.0	4	NHUA	SVVG	67	60
3.716044	1.000000	3.69190940706	100.0	3	NHUA	HENI	68	62
1.701771	1.000000	1.50643867296	100.0	2	NHUA	UZWG	69	64
0.065035	0.498175	0.450596587001	99.0	1140	CIAC	AXAF	75	76
0.622749	0.854106	1.72002018219	100.0	1111	CIAC	TIUZ	76	134
0.000000	0.335219			1011	CIAC	YGCX	77	
0.000000	0.357984			977	CIAC	VYGG	78	
0.700345	0.875763	2.67386726752	100.0	975	CIAC	WQUF	79	406
1.250366	0.992803	2.69495432556	100.0	23	CIAC	HTIP	80	407
0.278498	0.691946	0.533901389455	100.0	17	CIAC	DRIL	81	419
1.972664	1.000000	3.11518561548	100.0	12	CIAC	UWFU	82	429
1.226237	1.000000	1.43336690974	100.0	11	CIAC	SYHW	83	431
1.720387	1.000000	1.93395343015	100.0	10	CIAC	FCBJ	84	433
0.546803	0.997782	0.639022916223	100.0	9	CIAC	SLOI	85	435
0.387282	0.983798	0.413922333156	100.0	3	CIAC	YKFU	86	436
0.359839	0.987933	0.384074483682	100.0	2	CIAC	UHBY	87	438
0.089093	0.563344	0.0913489598071	88.0	6	CKKR	SLOI	91	441
0.960924	0.999999	0.877501870608	100.0	2	CKKR	OOVX	92	442
3.362285	1.000000	3.68843358287	100.0	4	ERIA	SLOI	95	445
0.019308	0.404723	0.0471847961081	49.0	3	DAYQ	SLOI	97	447
0.258923	0.865263	0.244138057527	99.0	2	DAYQ	CTSS	98	449
1.317549	0.999969	1.95315428237	100.0	5	TOKV	DRIL	105	420
1.628665	1.000000	1.62686484382	100.0	2	TOKV	IUSR	106	421
3.432494	1.000000	4.05248526375	100.0	3	KWGC	DRIL	109	424
1.256170	1.000000	1.20004352619	100.0	2	ZJUL	DRIL	111	426
1.195459	0.999861	2.02694588156	100.0	6	NUZN	HTIP	114	408
0.807796	0.999954	0.90463481789	100.0	5	NUZN	FYTP	115	410
0.205363	0.847227	0.20529992563	100.0	4	NUZN	YKQR	116	412
3.205883	1.000000	3.47162263052	100.0	3	HQRJ	YKQR	118	414
3.607307	1.000000	4.10871263091	100.0	2	HQRJ	OMDH	119	416
0.000000	0.444660	0.0856098263572	42.0	952	VGVI	WQUF	125	452
0.000000	0.371912			10	VGVI	BGZG	126	
2.019602	1.000000	3.70061354467	100.0	6	VGVI	XKPS	127	461
1.111436	0.999994	1.18151250266	100.0	5	VGVI	BSEY	128	463
1.724689	1.000000	1.80080386644	100.0	4	XGFU	BSEY	130	465
2.015761	1.000000	2.0548097014	100.0	2	XGFU	RSPO	131	466
0.734952	0.999993	0.696977273424	100.0	2	QKMG	BSEY	134	469
3.574042	1.000000	4.76576358281	100.0	4	Vitvi_Genoscope.12X	BGZG	138	453
0.180719	0.851843	0.123711237649	99.0	3	Vitvi_Genoscope.12X	SZPD	139	455
2.746214	1.000000	2.58041122005	100.0	2	BBBA	SZPD	141	457
0.000000	0.381045	0.119763770454	61.0	942	BAZF	WQUF	145	472
0.000000	0.399042	0.230550941028	82.0	661	BAZF	EHNF	146	1034
1.547676	0.998802	3.63993408887	100.0	659	BAZF	SWOH	147	1038
0.284959	0.693733	0.923871088282	100.0	657	BAZF	AALA	148	1042
0.134897	0.557349	0.517985549844	100.0	650	BAZF	QTJY	149	1056
0.664632	0.877994	1.71204865123	100.0	629	BAZF	NPND	150	1098
0.000000	0.410691	0.395866986314	83.0	628	BAZF	OSHQ	151	1100
0.000000	0.350330			626	BAZF	WKSU	152	
0.991186	0.972133	2.42147773078	100.0	493	BAZF	FZJL	153	1370
0.322755	0.737798	0.799925164872	100.0	490	BAZF	WTKZ	154	1376
0.260574	0.691590	0.388117034186	100.0	488	BAZF	URDJ	155	1380
2.229965	0.999999	4.60910717927	100.0	486	BAZF	SGTW	156	1384
1.620052	0.999281	4.3143670849	100.0	404	BAZF	JVSZ	157	1548
0.657378	0.877716	1.92775642438	100.0	331	BAZF	PYHZ	158	1694
0.172583	0.594253	0.724633703354	100.0	309	BAZF	BSNI	159	1738
0.590039	0.824125	3.52377868484	100.0	235	BAZF	TPHT	160	1886
0.000000	0.350330	0.137927914504	64.0	198	BAZF	VQBJ	161	1960
0.000000	0.397328	0.219537190389	97.0	195	BAZF	Chabr_v0.1	162	1966
0.000000	0.383345	0.667414116424	100.0	193	BAZF	Klefl_v1.0	163	1970
0.085497	0.552480	2.14673758777	100.0	189	BAZF	KYIO	164	1978
0.000000	0.417789	1.05947795922	100.0	186	BAZF	HYHN	165	1984
0.000000	0.338773	0.105763441144	67.0	183	BAZF	PQED	166	1990
0.000000	0.354027	0.803575730422	100.0	117	BAZF	EGNB	167	2122
0.000000	0.361012			108	BAZF	MMKU	168	
0.000000	0.345762			106	BAZF	JMTE	169	
0.000000	0.334663	0.246703816749	86.0	105	BAZF	TGNL	170	2146
0.000000	0.373095	0.39087387334	96.0	104	BAZF	AYPS	171	2148
0.000000	0.409754	1.68828661849	100.0	103	BAZF	PUAN	172	2150
0.000000	0.353343			101	BAZF	HHXJ	173	
0.000000	0.350149	0.607167440163	100.0	97	BAZF	EEJO	174	2162
0.000000	0.352221	0.397206820818	98.0	81	BAZF	GYBH	175	2194
0.000000	0.486901	2.30769293019	100.0	61	BAZF	ENAU	176	2199
0.012102	0.505514	1.30082151869	100.0	8	BAZF	DVYE	177	2200
0.000000	0.362293	0.00834368756996	22.0	7	IJMT	DVYE	179	2202
1.024284	0.970788	1.7985219208	100.0	5	IJMT	ISGT	180	2206
1.101842	0.984740	2.54727824075	100.0	4	VFIV	ISGT	182	2208
0.254242	0.672640	0.341965764031	100.0	2	VFIV	JMUI	183	2212
1.465629	0.997625	2.76498412285	100.0	2	RAWF	ISGT	186	2209
1.837600	0.999872	4.86239305096	100.0	2	SDPC	DVYE	189	2203
0.000000	0.377957	0.33651874186	99.0	53	VIAU	ENAU	192	2215
0.000000	0.390010	0.61387199571	100.0	42	VIAU	FXHG	193	2237
0.000000	0.352866			41	IRYH	FXHG	195	
0.000000	0.370191			40	IRYH	RUIF	196	
0.000000	0.378945	0.116365977685	49.0	35	IRYH	KFEB	197	2251
0.000000	0.386768	1.00324082052	100.0	16	IRYH	OFUE	198	2252
0.188761	0.605728	1.58450703143	100.0	14	IRYH	USIX	199	2256
0.000000	0.373409	0.322757097909	100.0	13	Chlre_v5.5	USIX	201	2258
0.482362	0.783040	1.89908667351	100.0	11	Chlre_v5.5	JKKI	202	2262
0.539052	0.815623	1.81753454034	100.0	10	Chlre_v5.5	BCYF	203	2264
0.043528	0.490551	0.395938177275	100.0	9	Chlre_v5.5	ISPU	204	2266
0.000000	0.336312	0.0742513361354	60.0	8	IHOI	ISPU	206	2268
0.156504	0.576714	0.566057154638	100.0	7	KUJU	ISPU	208	2270
0.030341	0.459891	0.117438357055	87.0	6	WRSL	ISPU	210	2272
0.610316	0.905145	1.20968872632	100.0	5	WRSL	RYJX	211	2274
0.081833	0.509313	0.246586585769	100.0	3	WRSL	Volca_v2.0	212	2278
2.127126	0.999997	3.79986069175	100.0	2	WRSL	JWGT	213	2280
0.009389	0.421566	0.103537904966	77.0	2	RNAT	RYJX	217	2275
0.491871	0.783730	1.79064006715	100.0	2	QWRA	USIX	223	2259
1.739991	0.999669	4.63796000881	100.0	2	XDLL	OFUE	226	2253
0.000000	0.478189	1.3694590235	100.0	19	VALZ	KFEB	229	2283
0.000000	0.419364	0.652547402148	100.0	8	VALZ	LNIL	230	2284
0.079569	0.531638	0.636723322176	100.0	5	VALZ	GFUR	231	2290
0.988334	0.969982	2.18798913662	100.0	3	VALZ	JRGZ	232	2294
0.283029	0.692199	0.456748374367	100.0	2	VALZ	MULF	233	2296
1.357225	0.996546	3.03642172119	100.0	2	TSBQ	GFUR	237	2291
1.312469	0.991417	4.4839986313	100.0	3	ZIVZ	LNIL	240	2285
1.336450	0.995149	2.59026716545	100.0	2	ACRY	LNIL	242	2287
0.722346	0.887229	2.59276903724	100.0	11	ZFXU	KFEB	245	2299
1.181154	0.987772	2.96877811005	100.0	6	ZFXU	RHVC	246	2309
1.508407	0.999375	2.88834087502	100.0	5	SYJM	RHVC	248	2311
1.623768	0.999897	2.60445125592	100.0	4	UKUC	RHVC	250	2313
1.946258	0.999994	3.00978751733	100.0	3	ZDIZ	RHVC	252	2315
0.177102	0.634460	0.216004799208	100.0	2	ZDIZ	WDWX	253	2317
0.330341	0.706408	0.836426465627	100.0	5	PRIQ	KFEB	257	2300
0.248654	0.655159	0.579130775589	100.0	3	PRIQ	ZLQE	258	2304
1.797121	0.999809	4.56154444171	100.0	2	PRIQ	QRTH	259	2306
0.444296	0.807031	0.876047414268	100.0	2	GUBD	KFEB	263	2301
0.000000	0.361478			5	LBRP	RUIF	266	
1.527163	0.998139	4.86232466283	100.0	4	LBRP	UTRE	267	2244
0.408697	0.827797	0.659508821411	100.0	3	LBRP	AOUJ	268	2246
1.648487	0.999675	2.8135767332	100.0	2	LBRP	AJUW	269	2248
0.000000	0.349049	0.45562314229	99.0	11	VJDZ	ENAU	276	2216
0.000000	0.378164	0.323396642272	95.0	8	VJDZ	BZSH	277	2222
0.000000	0.351906			7	VJDZ	FOYQ	278	
0.521466	0.797709	2.60587369836	100.0	6	VJDZ	OTQG	279	2226
0.000000	0.403549	0.260082108237	99.0	5	VJDZ	MWAN	280	2228
0.709208	0.904381	1.45479330242	100.0	3	VJDZ	XKWQ	281	2232
1.632102	0.999304	2.93592181977	100.0	2	XTON	XKWQ	283	2234
0.730269	0.916218	1.43173500649	100.0	2	PZIF	MWAN	286	2229
0.000000	0.336866	0.267217990997	89.0	3	DZPJ	ENAU	292	2217
0.606663	0.845087	2.11758833056	100.0	2	MXDS	ENAU	294	2219
0.000000	0.341752			20	AJAU	GYBH	297	
0.000000	0.365429	0.572856949417	100.0	14	AJAU	NSTT	298	2328
0.000000	0.347673	0.277357151892	96.0	12	AJAU	KADG	299	2332
1.109492	0.973757	4.88381160718	100.0	11	AJAU	GJIY	300	2334
0.225454	0.629247	0.577095688232	100.0	4	AJAU	JIWJ	301	2348
1.031295	0.971995	1.69945031917	100.0	3	AJAU	LETF	302	2350
1.622893	0.999170	4.47733681448	100.0	2	CBNG	LETF	304	2352
0.030087	0.475079	0.298081388121	100.0	7	OQON	GJIY	308	2335
0.528488	0.832865	1.01778529192	100.0	6	OQON	KSFK	309	2337
0.000000	0.421538	0.212472769921	100.0	5	OQON	NQYP	310	2339
0.903286	0.946604	2.71204104414	100.0	3	OQON	OAEZ	311	2343
0.234232	0.627009	0.591841705631	100.0	2	CQQP	OAEZ	313	2345
0.000000	0.433725	0.254492425891	100.0	2	LSHT	NQYP	316	2340
0.830173	0.916085	3.76199180558	100.0	2	ALZF	NSTT	322	2329
0.000000	0.338056			6	VBLH	GYBH	325	
0.000000	0.387384	0.756707663206	100.0	4	VBLH	YDCQ	326	2321
0.000000	0.381981	0.439068547454	99.0	2	VBLH	VHIJ	327	2325
0.886676	0.930528	3.84303745992	100.0	2	NATT	YDCQ	330	2322
0.955099	0.947127	4.88749312972	100.0	2	JTIG	GYBH	333	2196
0.000000	0.377916	0.873952223833	100.0	16	WCLV	EEJO	336	2163
0.000000	0.428759	0.935117357123	100.0	8	WCLV	NKXU	337	2179
1.499114	0.997610	3.78832263424	100.0	2	WCLV	WXRI	338	2180
0.000000	0.416182	0.376402703083	100.0	6	ZNUM	NKXU	341	2183
0.000000	0.349463	0.0159054731712	41.0	2	ZNUM	EATP	342	2184
0.000000	0.348579	0.0587976788933	34.0	4	GXBM	NKXU	345	2187
0.267056	0.657370	0.692714531925	100.0	3	GXBM	QYXY	346	2189
1.595650	0.998826	4.26736372635	100.0	2	ETGN	QYXY	348	2191
0.000000	0.353525	0.157612717589	70.0	8	MNCB	EEJO	352	2164
0.000000	0.388170	0.305475337795	89.0	3	MNCB	PFUD	353	2165
0.564967	0.828209	1.99070622508	100.0	2	MNCB	MFYC	354	2167
0.533178	0.801526	2.35549717359	100.0	5	JQFK	EEJO	358	2170
0.000000	0.412271			2	JQFK	BILC	359	
0.165256	0.577372	0.480502613586	100.0	3	AKCR	EEJO	362	2174
1.976862	0.999977	3.72069743238	100.0	2	Chlva_v1.0	EEJO	364	2176
1.241930	0.987397	4.06148007804	100.0	4	FMVB	HHXJ	367	2155
0.465384	0.843438	0.663881381954	100.0	3	DUMA	HHXJ	369	2157
1.262590	0.995333	1.96175820409	100.0	2	HVNO	HHXJ	371	2159
1.121911	0.975229	4.45436157228	100.0	2	RRSV	PUAN	374	2152
0.478932	0.772757	2.87844583497	100.0	2	ISIM	MMKU	380	2143
0.000000	0.352851			9	Micpu_v3.0	EGNB	383	
0.000000	0.411127	0.165197155208	60.0	8	Micpu_v3.0	XIVI	384	2127
0.000000	0.461284	0.868757379302	100.0	6	Micpu_v3.0	BTFM	385	2131
0.000000	0.385194			5	Micpu_v3.0	XOAL	386	
0.796148	0.906171	2.68376020036	100.0	4	Micpu_v3.0	MCPK	387	2135
1.154467	0.980280	2.76615783191	100.0	2	Micpu_v3.0	QXSZ	388	2136
0.217437	0.621334	0.492032831582	100.0	2	Ostlu_v2.0	MCPK	391	2139
0.742192	0.889870	2.36675846121	100.0	2	TNAW	XIVI	396	2128
0.000000	0.462237	2.71837078921	100.0	66	CKXF	PQED	400	1991
0.000000	0.373813	0.34107432303	100.0	62	CKXF	BAKF	401	1999
0.000000	0.394272	1.05618912405	100.0	29	CKXF	Cyame_v1.0	402	2000
0.000000	0.369247	0.828395060008	100.0	28	CKXF	LLXJ	403	2002
0.000000	0.353102	0.162986317363	93.0	27	CKXF	JJZR	404	2004
0.000000	0.335572			26	CKXF	RTLC	405	
0.000000	0.357570	0.29792695867	97.0	22	CKXF	ZULJ	406	2014
0.202001	0.619240	2.70307779492	100.0	21	CKXF	VZWX	407	2016
0.000000	0.421419	0.291416998399	100.0	17	CKXF	PYDB	408	2024
0.147368	0.582150	1.09934903126	100.0	8	CKXF	BWVJ	409	2025
0.000000	0.396793	0.233503194074	99.0	5	CKXF	IEHF	410	2031
0.581188	0.825080	2.18602514134	100.0	4	CKXF	SBLT	411	2033
0.761577	0.898265	2.25371428041	100.0	3	WEJN	SBLT	413	2035
1.134486	0.976616	4.20965540873	100.0	2	WEJN	UGPM	414	2037
0.992518	0.955524	3.27609485615	100.0	3	IHJY	BWVJ	419	2026
0.000000	0.409976			2	IHJY	JEBK	420	
0.000000	0.465716	0.556543091628	100.0	9	IKWM	PYDB	424	2040
0.714094	0.879147	2.50712697792	100.0	5	IKWM	VNAL	425	2048
0.532961	0.813830	1.90760284591	100.0	4	PWKQ	VNAL	427	2050
0.794061	0.913263	2.69688722762	100.0	2	PWKQ	FTRP	428	2054
0.989235	0.959164	3.37872452581	100.0	2	LJPN	VNAL	431	2051
0.937059	0.943836	3.15634050869	100.0	4	URSB	PYDB	434	2041
0.278334	0.673643	0.557345639401	100.0	3	URSB	ZJOJ	435	2043
0.000000	0.387970	0.200808043066	98.0	2	IKIZ	ZJOJ	437	2045
0.000000	0.425272	0.292483757712	100.0	4	YSBD	VZWX	441	2017
0.000000	0.413388	0.468845269986	100.0	3	YSBD	XAXW	442	2019
0.422864	0.743586	1.69577130495	100.0	2	UYFR	XAXW	444	2021
0.000000	0.360894	0.100303106424	54.0	4	OBUY	RTLC	449	2007
0.797440	0.904582	3.76892216179	100.0	2	OBUY	PVGP	450	2011
0.000000	0.451381	1.09925055618	100.0	2	RSOF	RTLC	453	2008
0.000000	0.354078	0.188064598353	95.0	33	FIKG	BAKF	459	2057
0.000000	0.337716	0.150051145417	85.0	29	FIKG	BAJW	460	2065
0.085032	0.551869	1.37706929045	100.0	22	FIKG	BOGT	461	2079
0.918624	0.938843	3.85372539299	100.0	19	FIKG	APTP	462	2085
0.118135	0.547097	0.300879138646	100.0	18	FIKG	LIRF	463	2087
0.325938	0.707159	0.812166628648	100.0	17	FIKG	FSQE	464	2089
1.450108	0.997101	3.163797231	100.0	8	FIKG	RWXW	465	2090
0.682526	0.930068	1.02636132726	100.0	3	FIKG	FOMH	466	2091
1.122503	0.991924	1.69495289992	100.0	2	FIKG	HFIK	467	2093
0.066438	0.481811	0.289919674683	100.0	5	YRMA	RWXW	471	2096
0.030284	0.455825	0.30510493389	100.0	4	YRMA	LDRY	472	2098
0.178571	0.604139	0.37177824107	100.0	3	YRMA	JGGD	473	2100
0.143850	0.571385	0.485458855533	100.0	2	VYER	JGGD	475	2102
0.208421	0.618066	0.552569265261	100.0	9	RAPY	FSQE	480	2105
0.145833	0.569628	0.305787454704	100.0	8	RAPY	ASZK	481	2107
1.193824	0.986819	2.74792435081	100.0	3	RAPY	FIDQ	482	2108
1.015688	0.979687	1.70040969064	100.0	2	RAPY	SRSQ	483	2110
0.859466	0.947126	1.67136619735	100.0	5	ULXR	ASZK	487	2113
0.801297	0.952314	1.42996760439	100.0	4	ULXR	QLMZ	488	2115
0.645850	0.913715	0.984251292032	100.0	3	ULXR	VRGZ	489	2117
0.000000	0.395714			2	ULXR	JCXF	490	
0.769920	0.895974	2.51339852878	100.0	3	VKVG	BOGT	499	2080
0.986511	0.959919	2.05838813248	100.0	2	VKVG	DBYD	500	2082
0.100141	0.560280	1.30189592444	100.0	7	RFAD	BAJW	504	2066
0.540653	0.806381	2.51540759611	100.0	5	RFAD	EBWI	505	2070
0.959217	0.962441	2.68102152871	100.0	4	RFAD	NMAK	506	2072
0.191224	0.613503	0.736611432875	100.0	3	LLEN	NMAK	508	2074
0.141994	0.556823	0.516939811416	100.0	2	VJED	NMAK	510	2076
0.499533	0.781998	2.28939057271	100.0	2	LXRN	BAJW	514	2067
0.414594	0.735522	2.76090406103	100.0	4	ROZZ	BAKF	517	2058
0.000000	0.381282			3	ROZZ	IRZA	518	
0.215349	0.623440	0.896696496273	100.0	2	IAYV	IRZA	520	2062
0.350743	0.701235	2.64210719415	100.0	4	QFND	PQED	524	1992
0.000000	0.403290	0.0951017192277	68.0	3	JKHA	PQED	526	1994
0.032804	0.474708	0.32383097619	100.0	2	POOW	PQED	528	1996
0.000000	0.442257	1.22409829521	100.0	3	XMCL	HYHN	531	1985
0.383518	0.732217	1.85043734873	100.0	2	XJGM	HYHN	533	1987
0.000000	0.403115	0.82859726466	100.0	3	NNHQ	KYIO	536	1979
0.403076	0.747049	1.43968011725	100.0	2	NNHQ	AZZW	537	1981
0.390049	0.726647	2.25282451007	100.0	4	BFIK	Klefl_v1.0	541	1971
2.778177	1.000000	4.61522285402	100.0	3	FPCO	Klefl_v1.0	543	1973
2.705718	1.000000	4.22284419954	100.0	2	FQLP	Klefl_v1.0	545	1975
1.355107	0.993316	4.50629267521	100.0	2	MWXT	Chabr_v0.1	548	1967
0.332426	0.692661	2.6689669882	100.0	3	DRGY	VQBJ	551	1961
1.839409	0.999972	3.0044302929	100.0	2	QPDY	VQBJ	553	1963
0.000000	0.373112	0.248499964913	68.0	37	WDGV	TPHT	556	1887
0.115014	0.553215	0.999353008324	100.0	36	WDGV	HAOX	557	1889
0.045179	0.516665	0.79862962241	100.0	25	WDGV	FFGR	558	1911
0.000000	0.418355	0.697759728148	100.0	23	WDGV	SNOX	559	1915
0.000000	0.388412			22	WDGV	XRTZ	560	
0.000000	0.428358	0.299599873488	100.0	21	WDGV	KEYW	561	1919
0.264040	0.657575	1.01813078498	100.0	20	WDGV	DRFX	562	1921
0.754702	0.924322	1.8052014605	100.0	19	WDGV	AEKF	563	1923
0.708689	0.920629	1.17641708491	100.0	18	WDGV	YSQT	564	1925
0.171454	0.599210	0.330214489747	100.0	17	WDGV	RPQV	565	1927
0.254033	0.656506	0.624029386865	100.0	16	WDGV	HIDG	566	1929
0.009033	0.459927	0.603606302519	100.0	15	WDGV	RQFE	567	1931
0.378595	0.751290	1.17335314876	100.0	14	WDGV	GYRP	568	1933
0.000000	0.380599	0.264613265795	99.0	8	WDGV	WCQU	569	1945
0.000000	0.345627			7	WDGV	BHBK	570	
0.605911	0.884546	1.41417485802	100.0	5	WDGV	MCHJ	571	1951
0.030245	0.459161	0.378250596603	100.0	4	WDGV	GBGT	572	1953
0.000000	0.371495			3	WDGV	MOYY	573	
0.431730	0.810099	0.725363505638	100.0	2	WDGV	STKJ	574	1957
0.095811	0.525363	0.302852647536	99.0	2	RPRU	BHBK	580	1948
0.545167	0.846422	0.87506118737	100.0	6	ISHC	GYRP	584	1934
0.072903	0.499733	0.360743966843	100.0	5	ISHC	QWFV	585	1936
1.046443	0.990817	2.17364315608	100.0	2	ISHC	MNNM	586	1937
0.699090	0.939847	1.30822936472	100.0	3	DFDS	QWFV	589	1940
0.000000	0.393416	0.142097677066	94.0	2	DFDS	GGWH	590	1942
0.000000	0.359293	0.722394741831	100.0	2	KMNX	FFGR	604	1912
0.000000	0.365345	0.194543986122	72.0	11	ZRMT	HAOX	607	1890
0.000000	0.409925	0.241242909071	80.0	10	ZRMT	WSJO	608	1892
1.122204	0.991407	2.71398805462	100.0	8	ZRMT	YOXI	609	1896
0.563204	0.917202	0.818896528087	100.0	5	ZRMT	JOJQ	610	1902
0.434743	0.881629	0.562196615291	100.0	2	ZRMT	HKZW	611	1903
1.819941	0.999999	2.17608771146	100.0	3	MFZO	JOJQ	614	1906
0.545430	0.987354	0.670115696753	100.0	2	MFZO	NBYP	615	1908
2.921091	1.000000	5.29645225533	100.0	3	VAZE	YOXI	619	1897
1.534393	1.000000	1.52775988142	100.0	2	VAZE	RPGL	620	1899
0.648791	0.921235	1.22337361775	100.0	2	WDCW	WSJO	624	1893
0.000000	0.461266	0.277648768249	100.0	74	LGOW	BSNI	629	1739
0.298818	0.743749	0.575913263613	100.0	64	LGOW	SKQD	630	1759
2.556202	1.000000	4.04272364083	100.0	22	LGOW	HERT	631	1760
2.028244	1.000000	2.71570718384	100.0	15	LGOW	JHFI	632	1774
0.056792	0.480127	0.0730212446237	80.0	13	LGOW	YFGP	633	1778
0.414171	0.929791	0.503963919775	100.0	12	LGOW	NRWZ	634	1780
0.535498	0.968061	0.894714180628	100.0	11	LGOW	BNCU	635	1782
0.423591	0.930102	0.806616254346	100.0	6	LGOW	OFTV	636	1792
1.585390	1.000000	1.20847156271	100.0	5	WZYK	OFTV	638	1794
0.024270	0.424503			2	WZYK	RTMU	639	
1.917492	1.000000	2.12201024805	100.0	3	YBQN	OFTV	642	1798
1.993745	1.000000	2.09055587144	100.0	2	IRBN	OFTV	644	1800
0.140954	0.582894	0.13161523619	37.0	5	HPXA	BNCU	647	1783
0.297707	0.827623	0.377814156184	100.0	4	TGKW	BNCU	649	1785
0.024724	0.426109	0.106232979788	90.0	3	KRUQ	BNCU	651	1787
2.672105	1.000000	3.47298409895	100.0	2	KRUQ	UUHD	652	1789
3.406030	1.000000	4.82487927485	100.0	2	PIUF	JHFI	658	1775
2.766942	1.000000	3.62527009297	100.0	7	ILBQ	HERT	661	1761
0.090661	0.490862	0.143959810733	98.0	6	ILBQ	TXVB	662	1763
0.515547	0.993421	0.669454100352	100.0	5	ILBQ	TFYI	663	1765
1.907248	1.000000	1.96482520944	100.0	2	ILBQ	WJLO	664	1766
1.058423	0.999995	1.0117005809	100.0	3	JPYU	TFYI	667	1769
2.105508	1.000000	2.04576380498	100.0	2	JPYU	HMHL	668	1771
2.476422	1.000000	4.14736695475	100.0	42	WSPM	SKQD	674	1803
0.588801	0.993134	0.613825239774	100.0	41	WSPM	UHLI	675	1805
1.855991	1.000000	2.15571236377	100.0	38	WSPM	WOGB	676	1811
1.827135	1.000000	1.97093684072	100.0	37	WSPM	HVBQ	677	1813
0.938831	0.999854	1.06211540225	100.0	34	WSPM	HRWG	678	1819
1.110393	0.999992	1.24024427073	100.0	33	WSPM	AWOI	679	1821
2.286031	1.000000	2.77824274921	100.0	32	WSPM	YEPO	680	1823
0.361309	0.904887	0.483378259238	100.0	29	WSPM	ZQRI	681	1829
0.257978	0.804919	0.530823140996	100.0	28	WSPM	BPSG	682	1831
1.772105	1.000000	2.59673626728	100.0	20	WSPM	YWNF	683	1847
0.053365	0.477588	0.129295408085	96.0	19	WSPM	ORKS	684	1849
0.271181	0.816990	0.438725776453	100.0	18	WSPM	BGXB	685	1851
0.626381	0.992764	0.760991737599	100.0	15	WSPM	CMEQ	686	1857
0.184948	0.724645	0.253988532762	100.0	14	WSPM	WNGH	687	1859
2.515271	1.000000	3.49104399541	100.0	13	WSPM	DHWX	688	1861
0.152208	0.661937	0.190870343809	99.0	12	WSPM	QKQO	689	1863
0.078839	0.527945	0.118698420003	94.0	11	WSPM	ZACW	690	1865
0.247201	0.791894	0.515410774132	100.0	9	WSPM	TAVP	691	1869
0.064327	0.497491	0.0375137889969	52.0	8	WSPM	EEMJ	692	1871
0.021113	0.419544	0.0914854066633	81.0	6	WSPM	QMWB	693	1875
0.233316	0.783985	0.36256526725	100.0	2	WSPM	MIRS	694	1880
0.051179	0.470967			4	JADL	QMWB	697	
0.780577	0.999669	1.03718003212	100.0	2	JADL	VBMM	698	1883
0.863787	0.999925	1.09789090403	100.0	2	TMAJ	QMWB	701	1876
0.311331	0.884455	0.444718849372	100.0	2	LNSF	EEMJ	704	1872
2.943209	1.000000	3.54271857001	100.0	2	IGUH	ZACW	708	1866
0.251722	0.803906	0.510460483497	100.0	3	XWHK	BGXB	715	1852
3.025497	1.000000	4.33883300818	100.0	2	XWHK	JMXW	716	1854
0.813792	0.999084	1.3931697029	100.0	8	GRKU	BPSG	722	1832
0.533236	0.985923	0.692079280376	100.0	7	GRKU	ABCD	723	1834
0.082308	0.505318	0.152156323244	99.0	5	GRKU	VMXJ	724	1838
0.136879	0.631507	0.163859234574	99.0	3	GRKU	NGTD	725	1842
0.680391	0.997695	0.754952111844	100.0	2	GRKU	FFPD	726	1844
3.401784	1.000000	4.45731928101	100.0	2	RGKI	VMXJ	730	1839
2.737846	1.000000	3.49382249516	100.0	2	RDOO	ABCD	733	1835
0.286027	0.836243	0.412379596325	100.0	3	KEFD	YEPO	738	1824
3.316074	1.000000	4.52900882502	100.0	2	Phypa_v3.0	YEPO	740	1826
0.100932	0.568903	0.129849667726	99.0	3	SZYG	HVBQ	745	1814
2.861198	1.000000	3.26564148508	100.0	2	SZYG	ZTHV	746	1816
3.244376	1.000000	4.38867117739	100.0	3	RCBT	UHLI	751	1806
0.010741	0.392642			2	RCBT	GOWD	752	
2.415410	1.000000	3.9967228723	100.0	10	ANON	BSNI	757	1740
0.311027	0.851917	0.303859521896	100.0	9	WEEQ	BSNI	759	1742
2.274429	1.000000	2.7651278122	100.0	7	WEEQ	AKXB	760	1746
2.652591	1.000000	3.21314515016	100.0	3	WEEQ	FAJB	761	1747
2.684924	1.000000	2.9618121025	100.0	2	WEEQ	WCZB	762	1749
2.556642	1.000000	2.76930284168	100.0	4	TCBC	AKXB	766	1752
0.650749	0.997984	0.567916316383	100.0	3	TCBC	UCRN	767	1754
2.449361	1.000000	2.87186421187	100.0	2	TCBC	DXOU	768	1756
3.194732	1.000000	4.45869367029	100.0	2	TWUW	BSNI	773	1743
0.469953	0.803270	1.64568066546	100.0	22	ENQF	PYHZ	776	1695
2.638245	1.000000	4.04160244793	100.0	11	ENQF	ZZEI	777	1696
0.377269	0.929694	0.328871956847	100.0	6	ENQF	ULKT	778	1706
2.152899	1.000000	2.35807044339	100.0	4	ENQF	PQTO	779	1710
0.282431	0.921202	0.291709963657	100.0	2	ENQF	WAFT	780	1714
0.166437	0.706218	0.206761019997	100.0	2	XNXF	PQTO	783	1711
2.843991	1.000000	3.68257987139	100.0	2	UPMJ	ULKT	786	1707
1.817905	1.000000	2.21464120592	100.0	5	CBAE	ZZEI	789	1697
0.960162	0.999997	0.737537409087	100.0	4	CBAE	YHZW	790	1699
2.722490	1.000000	2.90588294608	100.0	2	CBAE	GAON	791	1700
1.762563	1.000000	1.83210159016	100.0	2	GKAG	YHZW	794	1703
0.712122	0.978071	0.799274931349	100.0	11	ZZOL	PYHZ	798	1717
1.734226	0.999994	2.37528471428	100.0	9	ZZOL	KUXM	799	1721
0.849751	0.995612	0.862524935357	100.0	8	ZZOL	ZYCD	800	1723
1.793558	0.999999	2.54898120945	100.0	5	ZZOL	KJYC	801	1729
2.410103	1.000000	3.22465076794	100.0	4	ZZOL	ABIJ	802	1731
2.957279	1.000000	4.38617974011	100.0	2	ZZOL	Selmo_v1.0	803	1735
1.820667	1.000000	1.98417784	100.0	2	LGDQ	ABIJ	806	1732
1.400493	0.999967	1.42540116877	100.0	3	ZFGK	ZYCD	810	1724
2.720177	1.000000	3.21887582487	100.0	2	JKAA	ZYCD	812	1726
3.177517	1.000000	4.07667004214	100.0	2	PKOX	PYHZ	816	1718
1.071222	0.981301	2.36656212234	100.0	73	URCP	JVSZ	819	1549
0.401024	0.868225	0.718839823005	100.0	71	URCP	QVMR	820	1553
0.078977	0.474880			66	URCP	DFHO	821	
2.013576	1.000000	2.4785455208	100.0	63	URCP	RFMZ	822	1569
1.901308	1.000000	2.43458509565	100.0	60	URCP	QIAD	823	1575
1.341951	0.999953	1.58773025573	100.0	58	URCP	PBUU	824	1579
1.736427	0.999999	2.45595940809	100.0	56	URCP	KIIX	825	1583
0.182692	0.658629	0.273404799887	100.0	54	URCP	GANB	826	1587
1.853984	1.000000	2.79488109392	100.0	50	URCP	VVRN	827	1595
1.067826	0.999781	1.65446597676	100.0	47	URCP	WQML	828	1601
0.277564	0.792717	0.333682502891	100.0	33	URCP	MTGC	829	1629
1.979012	1.000000	3.37871377703	100.0	32	URCP	FQGQ	830	1631
0.237547	0.699778	0.508491725792	100.0	19	URCP	BMIF	831	1657
0.418344	0.885941	0.605149384672	100.0	16	URCP	HEGQ	832	1663
0.025317	0.429222	0.0791445478988	64.0	10	URCP	OCZL	833	1675
0.171352	0.641997	0.234164504215	96.0	9	URCP	MROH	834	1677
0.087155	0.506756	0.180318840436	84.0	8	URCP	YJJY	835	1679
0.171805	0.651197	0.428078330429	100.0	6	URCP	HTFH	836	1683
0.083597	0.508430	0.0858009993673	62.0	4	URCP	FCHS	837	1687
0.514078	0.965201	0.686000703892	100.0	3	URCP	UFJN	838	1689
2.373056	1.000000	3.13777538309	100.0	2	URCP	AFPO	839	1691
0.105781	0.546336	0.152954927139	89.0	2	VITX	HTFH	844	1684
1.701868	1.000000	2.24368665036	100.0	2	YQEC	YJJY	847	1680
1.601722	1.000000	2.56895120494	100.0	6	YOWV	HEGQ	852	1664
2.527532	1.000000	3.04954995824	100.0	5	YOWV	HNDZ	853	1666
0.395433	0.987163	0.394600360527	100.0	4	YOWV	RICC	854	1668
1.218935	1.000000	1.45050361543	100.0	2	YOWV	XXHP	855	1672
0.471033	0.996365	0.467372959903	100.0	2	LHLE	RICC	858	1669
2.982825	1.000000	3.95084790612	100.0	3	KJZG	BMIF	863	1658
1.575262	1.000000	1.59150021175	100.0	2	PSKY	BMIF	865	1660
0.644722	0.968950	1.0880779872	100.0	13	RFRB	FQGQ	868	1632
0.003802	0.406861	0.113854245094	73.0	2	RFRB	WGTU	869	1633
0.125391	0.573923	0.334563165947	100.0	11	CJNT	FQGQ	872	1636
0.852891	0.996514	1.3997579461	100.0	9	CJNT	NWWI	873	1640
1.220850	0.999989	1.65728160254	100.0	8	CJNT	OQWW	874	1642
1.734110	1.000000	1.92337557435	100.0	7	CJNT	ORJE	875	1644
0.434235	0.977654	0.42730516937	100.0	6	CJNT	UJWU	876	1646
0.097540	0.567328	0.224745019352	100.0	5	CJNT	ZQYU	877	1648
1.663769	1.000000	1.73133766452	100.0	4	CJNT	YLJA	878	1650
0.283330	0.932353	0.284249870568	100.0	3	CJNT	GYFU	879	1652
0.040717	0.447806	0.0546150900242	68.0	2	CJNT	IXLH	880	1654
0.252580	0.753785	0.451617356466	100.0	2	JBLI	FQGQ	890	1637
2.505337	1.000000	3.82965095277	100.0	14	UJTT	WQML	894	1602
0.190496	0.688947	0.247186352677	100.0	4	UJTT	PIVW	895	1603
1.785575	1.000000	2.07099801065	100.0	3	UJTT	FLTD	896	1605
0.453756	0.986581	0.514995186944	100.0	2	POPJ	FLTD	898	1607
0.142314	0.624765	0.229679087069	100.0	10	DCDT	WQML	902	1610
0.751614	0.998098	1.19890541655	100.0	9	DCDT	SKYV	903	1612
1.837374	1.000000	2.3372027339	100.0	5	DCDT	GSXD	904	1620
0.931416	0.999967	1.0985209462	100.0	3	DCDT	YCKE	905	1624
1.291695	1.000000	1.40955517299	100.0	2	DCDT	ZXJO	906	1626
0.901767	0.999965	0.886841233533	100.0	2	XDDT	GSXD	910	1621
0.310192	0.858602	0.510444465742	100.0	4	BMJR	SKYV	913	1613
0.507825	0.983016	0.618115956823	100.0	2	BMJR	WCLG	914	1617
3.436724	1.000000	5.34613242408	100.0	2	NDUV	SKYV	917	1614
0.277510	0.817828	0.384273206461	100.0	3	YIXP	VVRN	921	1596
3.462053	1.000000	4.18482182603	100.0	2	YIXP	NOKI	922	1598
1.029026	0.999690	1.49005460948	100.0	4	UWOD	GANB	926	1588
0.130355	0.622362	0.0946712060011	76.0	3	UWOD	EWXK	927	1590
1.863099	1.000000	1.95312873309	100.0	2	UWOD	PNZO	928	1592
0.728306	0.996673	0.987268157687	100.0	2	CVEG	KIIX	933	1584
1.174325	0.999952	1.43327389056	100.0	2	CQPW	PBUU	936	1580
0.125844	0.539373	0.251639711763	100.0	2	MEKP	QIAD	939	1576
3.240483	1.000000	5.01284290258	100.0	3	UOMY	RFMZ	942	1570
0.884673	1.000000	0.818310323514	100.0	2	UOMY	VIBO	943	1572
2.998342	1.000000	4.70911002114	100.0	3	NHCM	DFHO	947	1555
2.426219	1.000000	2.79829707895	100.0	2	NHCM	UGNK	948	1557
1.542547	0.999994	1.75272163927	100.0	5	EEAQ	QVMR	952	1560
1.922912	1.000000	2.01785600255	100.0	3	EEAQ	DJSE	953	1564
2.487637	1.000000	2.66469083966	100.0	2	EEAQ	BEGM	954	1566
3.127208	1.000000	4.1653723988	100.0	2	ALVQ	QVMR	958	1561
3.030960	1.000000	4.34380542185	100.0	2	CAPN	JVSZ	961	1550
1.468962	0.999700	2.25968878757	100.0	82	IIOL	SGTW	964	1385
0.431025	0.932873	0.533408151295	100.0	77	IIOL	VDAO	965	1395
0.272881	0.753653	0.305468280649	100.0	74	IIOL	XTZO	966	1401
3.349134	1.000000	4.49451003325	100.0	15	IIOL	GGEA	967	1402
0.282276	0.920720	0.325976915209	100.0	9	IIOL	WVWN	968	1414
0.442071	0.983148	0.425581096926	100.0	7	IIOL	NPRL	969	1418
0.028074	0.407329	0.148144205099	98.0	6	IIOL	AWQB	970	1420
2.600474	1.000000	2.87145242922	100.0	5	IIOL	Pinta_v2.0	971	1422
1.846132	1.000000	1.60753214749	100.0	4	MFTM	Pinta_v2.0	973	1424
0.256366	0.765326	0.282815882801	99.0	3	MFTM	DZQM	974	1426
0.383721	0.998912	0.338430716976	100.0	2	MFTM	JBND	975	1428
2.441365	1.000000	3.08312403097	100.0	2	IOVS	WVWN	982	1415
0.582054	0.998427	0.676844892403	100.0	6	VSRH	GGEA	985	1403
0.967761	0.999999	1.05625195066	100.0	5	VSRH	AQFM	986	1405
0.709704	0.999987	0.692306654661	100.0	2	VSRH	JUWL	987	1406
0.054335	0.501251	0.0737775813453	83.0	3	AREG	AQFM	990	1409
2.774451	1.000000	3.23121246027	100.0	2	AREG	GAMH	991	1411
2.858348	1.000000	4.08271368194	100.0	59	XMGP	XTZO	996	1431
0.764689	0.999890	0.957167756296	100.0	36	XMGP	YFZK	997	1477
2.637540	1.000000	2.86430603713	100.0	35	XMGP	EFMS	998	1479
3.141873	1.000000	4.11423520427	100.0	27	XMGP	ZQVF	999	1495
0.496278	0.998676	0.625374713352	100.0	26	XMGP	QSNJ	1000	1497
0.719588	0.999885	0.955158317146	100.0	25	XMGP	NRXL	1001	1499
1.277749	1.000000	1.73702918358	100.0	21	XMGP	GMHZ	1002	1507
1.677673	1.000000	1.76400725213	100.0	18	XMGP	ETCJ	1003	1513
0.899685	0.999997	0.993354897628	100.0	10	XMGP	VFYZ	1004	1529
0.173264	0.761400	0.244136822585	100.0	8	XMGP	AIGO	1005	1533
2.136071	1.000000	2.52145048463	100.0	6	XMGP	FRPM	1006	1537
1.985241	1.000000	2.07912207609	100.0	2	XMGP	QNGJ	1007	1538
0.109867	0.654804	0.0878405102954	91.0	4	BUWV	FRPM	1010	1541
0.138045	0.745214	0.125331797477	98.0	3	BUWV	CGDN	1011	1543
1.350355	1.000000	1.4996677375	100.0	2	BUWV	XQSG	1012	1545
2.261468	1.000000	2.41381410511	100.0	2	UEVI	AIGO	1017	1534
2.361723	1.000000	2.62221552057	100.0	2	NKIN	VFYZ	1020	1530
3.280856	1.000000	4.28590191682	100.0	8	IFLI	ETCJ	1023	1514
0.787518	0.999998	0.877632451555	100.0	5	IFLI	GKCZ	1024	1520
3.018372	1.000000	3.41299097098	100.0	3	IFLI	RMMV	1025	1524
0.090646	0.603967	0.129537380871	99.0	2	JDQB	RMMV	1027	1526
0.900884	1.000000	0.863265618353	100.0	2	AUDE	GKCZ	1030	1521
0.109257	0.634486	0.118344538068	97.0	3	OVIJ	ETCJ	1033	1515
0.325268	0.979394	0.369378118233	100.0	2	OVIJ	YYPE	1034	1517
2.195932	1.000000	2.52366060562	100.0	3	OXGJ	GMHZ	1038	1508
1.099236	1.000000	1.10400933762	100.0	2	OXGJ	FHST	1039	1510
0.146262	0.697212	0.0730061527097	84.0	4	XIRK	NRXL	1043	1500
1.771687	1.000000	1.81762085915	100.0	3	HBGV	NRXL	1045	1502
0.129661	0.638308	0.27041285917	100.0	2	HBGV	QFAE	1046	1504
1.430570	1.000000	1.52902924288	100.0	8	BTTS	EFMS	1052	1480
0.019809	0.412452	0.036152945604	60.0	5	BTTS	NVGZ	1053	1486
3.150760	1.000000	2.95311701189	100.0	4	BTTS	ZYAX	1054	1488
3.084539	1.000000	3.09440380106	100.0	2	BTTS	YLPM	1055	1489
3.252882	1.000000	3.87466721888	100.0	2	WWSS	ZYAX	1058	1492
2.139423	1.000000	2.29010398826	100.0	3	IAJW	EFMS	1062	1481
3.158754	1.000000	3.37477417891	100.0	2	HQOM	EFMS	1064	1483
1.004400	0.999998	1.08055234087	100.0	23	MHGD	XTZO	1068	1432
3.622230	1.000000	4.66881257739	100.0	19	MHGD	KLGF	1069	1440
1.092155	1.000000	1.22024337898	100.0	11	MHGD	QCGM	1070	1456
0.298852	0.954246	0.335208190066	100.0	10	MHGD	HILW	1071	1458
0.929570	1.000000	1.08110939427	100.0	9	FMWZ	HILW	1073	1460
1.139718	1.000000	1.28366562219	100.0	8	FMWZ	VGSX	1074	1462
0.836093	0.999998	0.985117353086	100.0	4	FMWZ	ROWR	1075	1463
2.207828	1.000000	2.1968463242	100.0	3	IZGN	ROWR	1077	1465
2.020528	1.000000	2.06534691191	100.0	2	QHBI	ROWR	1079	1467
1.582362	1.000000	1.79058178335	100.0	4	XLGK	VGSX	1082	1470
0.943215	1.000000	1.07265375783	100.0	2	XLGK	SCEB	1083	1471
0.904930	1.000000	0.99357858521	100.0	2	UUJS	VGSX	1086	1474
0.618584	0.998943	0.690296420967	100.0	8	OWFC	KLGF	1091	1441
0.096602	0.582490	0.108793006902	87.0	6	OWFC	JRNA	1092	1445
0.005580	0.382745	0.00127098033055	35.0	5	ZQWM	JRNA	1094	1447
0.578705	0.999024	0.775130157995	100.0	3	ZQWM	JZVE	1095	1451
0.791360	0.999997	0.999518532485	100.0	2	ZQWM	CDFR	1096	1453
0.211973	0.844095	0.225391693043	100.0	2	BBDD	JRNA	1100	1448
2.623483	1.000000	3.2254476173	100.0	2	EGLZ	KLGF	1103	1442
3.704160	1.000000	4.20581686357	100.0	4	RSCE	XTZO	1106	1433
0.980050	1.000000	0.888455932881	100.0	3	RSCE	ACWS	1107	1435
2.606893	1.000000	2.75330219778	100.0	2	MIXZ	ACWS	1109	1437
1.995102	0.999999	3.21696584256	100.0	3	TOXE	VDAO	1113	1396
0.789632	0.996280	0.691828953801	100.0	2	TOXE	GTHK	1114	1398
0.815827	0.999396	0.965536698987	100.0	5	WLIC	SGTW	1118	1386
2.587015	1.000000	3.04070991635	100.0	4	WLIC	XZUY	1119	1388
2.553146	1.000000	2.75924248029	100.0	3	WLIC	KAWQ	1120	1390
0.320143	0.968433	0.339862907468	100.0	2	GNQG	KAWQ	1122	1392
3.187880	1.000000	5.48341285022	100.0	2	Ambtr_v1.0.27	URDJ	1127	1381
2.331136	1.000000	4.12631850203	100.0	2	PZRT	WTKZ	1130	1377
2.128363	1.000000	4.50274645907	100.0	3	VZCI	FZJL	1133	1371
2.776631	1.000000	2.88211484761	100.0	2	VZCI	NWMY	1134	1373
0.000000	0.345077			133	AFLV	WKSU	1138	
1.252507	0.997993	2.06869602211	100.0	108	AFLV	MTII	1139	1155
0.693450	0.962231	1.60999606832	100.0	107	AFLV	BYQM	1140	1157
1.647634	0.999823	3.99673265286	100.0	101	AFLV	OCWZ	1141	1169
0.076973	0.498238	0.650593157749	100.0	95	AFLV	Musac_v1.0	1142	1181
0.072126	0.506784	0.61365617236	100.0	53	AFLV	THDM	1143	1265
1.870339	0.999997	3.99100476129	100.0	7	AFLV	GDKK	1144	1266
2.207814	1.000000	2.40220148328	100.0	2	AFLV	OOSO	1145	1267
0.101991	0.543271	0.282908001855	100.0	5	MWYQ	GDKK	1148	1270
0.094464	0.527246	0.0310376039858	45.0	2	MWYQ	THEW	1149	1271
3.244355	1.000000	4.48488402011	100.0	3	NHIX	GDKK	1152	1274
2.809568	1.000000	3.18910366653	100.0	2	NHIX	QNPH	1153	1276
0.372357	0.771058	1.04707521678	100.0	46	UZXL	THDM	1157	1279
0.658138	0.956541	1.5152194836	100.0	39	UZXL	YJUG	1158	1293
0.813700	0.993611	1.07122349982	100.0	37	UZXL	KYNE	1159	1297
0.612063	0.977501	0.754027459381	100.0	35	UZXL	LTZF	1160	1301
0.897102	0.999346	1.21539776513	100.0	34	UZXL	SART	1161	1303
1.033125	0.999570	1.60487950143	100.0	33	UZXL	JVBR	1162	1305
0.999266	0.997224	1.87041200895	100.0	28	UZXL	PRFO	1163	1315
0.596348	0.951956	1.0918554027	100.0	19	UZXL	PLBZ	1164	1333
0.221470	0.727471	0.537161444451	100.0	11	UZXL	MUMD	1165	1349
0.073243	0.503872	0.0826889947536	60.0	10	UZXL	FGRF	1166	1351
0.952618	0.999823	1.40028853415	100.0	9	UZXL	ONBE	1167	1353
2.587169	1.000000	3.33296004248	100.0	8	UZXL	MVRF	1168	1355
0.149214	0.746801	0.15403123015	99.0	7	UZXL	LSJW	1169	1357
0.068108	0.530845	0.0883539535792	85.0	6	UZXL	TCYS	1170	1359
0.127754	0.675087	0.152828244486	99.0	5	UZXL	HOKG	1171	1361
0.136697	0.702484	0.144210116508	98.0	3	UZXL	RCUX	1172	1365
1.445883	1.000000	1.58445484076	100.0	2	XFJG	RCUX	1174	1367
1.386919	1.000000	1.32141044469	100.0	2	RQZP	HOKG	1177	1362
0.153598	0.625828	0.500269380828	100.0	8	KOFB	PLBZ	1186	1334
1.034488	0.999881	1.26953576385	100.0	3	KOFB	IXEM	1187	1335
0.713215	0.998991	0.753817629149	100.0	2	KOFB	SVTS	1188	1337
3.054619	1.000000	4.08845816788	100.0	5	KXSK	PLBZ	1192	1340
0.068498	0.535483	0.0689229000719	81.0	3	KXSK	YBML	1193	1344
1.059446	1.000000	0.955312757979	100.0	2	ICNN	YBML	1195	1346
0.019765	0.417778	0.0560674272642	76.0	2	CMCY	PLBZ	1198	1341
0.740631	0.987401	1.30894573191	100.0	9	ZKPF	PRFO	1201	1316
0.235898	0.739587	0.361338760815	100.0	8	ZKPF	KBXS	1202	1318
2.442362	1.000000	3.04338666104	100.0	6	ZKPF	TRRQ	1203	1322
1.354700	1.000000	1.30773652144	100.0	5	ZKPF	LDME	1204	1324
1.254767	0.999999	1.37110736485	100.0	2	ZKPF	DMIN	1205	1325
1.022596	0.999990	1.15196970196	100.0	3	JDTY	LDME	1208	1328
0.109650	0.570327	0.108901235163	79.0	2	JDTY	DPFW	1209	1330
3.131315	1.000000	3.29080919359	100.0	2	GJPF	KBXS	1214	1319
1.406617	0.999997	2.3211407759	100.0	5	FCEL	JVBR	1218	1306
2.561956	1.000000	2.93374071419	100.0	4	FCEL	WTDE	1219	1308
0.226760	0.880187	0.209611291927	100.0	3	JHUL	WTDE	1221	1310
3.243785	1.000000	3.56859699939	100.0	2	JHUL	BLAJ	1222	1312
2.850153	1.000000	3.94645521792	100.0	2	RDYY	KYNE	1229	1298
0.127233	0.582110	0.329655748142	100.0	2	EMJJ	YJUG	1232	1294
2.951504	1.000000	5.19961180008	100.0	7	LELS	THDM	1235	1280
1.170660	0.999997	1.16413721436	100.0	6	LELS	CNTZ	1236	1282
1.623060	1.000000	1.65131631826	100.0	4	LELS	MTHW	1237	1286
0.148898	0.747138	0.139424125825	100.0	3	LELS	XZME	1238	1288
3.375605	1.000000	4.69278925443	100.0	2	LELS	VTUS	1239	1290
1.146539	0.999774	1.16383237952	100.0	2	JSAG	CNTZ	1244	1283
1.398994	0.998485	2.82981681796	100.0	42	RMVB	Musac_v1.0	1248	1182
1.857339	0.999999	2.9415845594	100.0	30	RMVB	PPQR	1249	1206
0.080296	0.502884			28	RMVB	BYPY	1250	
1.350490	0.999994	1.73500452228	100.0	27	RMVB	CIEA	1251	1212
1.832149	1.000000	1.99011034976	100.0	23	RMVB	BSTR	1252	1220
1.912376	1.000000	1.87085577238	100.0	22	RMVB	WXNT	1253	1222
2.885106	1.000000	3.2825545113	100.0	21	RMVB	HATH	1254	1224
0.189446	0.755043	0.158288190033	100.0	3	RMVB	Orysa_v7.0	1255	1225
2.614452	1.000000	2.70739745956	100.0	2	RMVB	IADP	1256	1227
1.399263	1.000000	1.79776259266	100.0	18	ROEI	HATH	1260	1230
0.158519	0.725258	0.164019897158	100.0	17	ROEI	YXNR	1261	1232
1.858467	1.000000	2.22133574667	100.0	13	ROEI	SOHV	1262	1240
2.860523	1.000000	3.55103958089	100.0	3	ROEI	YPIC	1263	1241
0.133460	0.689608	0.149707056346	99.0	2	ROEI	Sorbi_v2.1	1264	1243
0.957823	0.999998	1.09843009953	100.0	10	BPKH	SOHV	1268	1246
1.449358	1.000000	1.68220033464	100.0	9	BPKH	WCOR	1269	1248
1.255241	1.000000	1.38616068468	100.0	7	BPKH	NNOK	1270	1252
0.107752	0.649631	0.152551407791	100.0	2	BPKH	ZMGN	1271	1253
0.249871	0.916523	0.252442164846	100.0	5	ZENX	NNOK	1274	1256
0.069565	0.546222	0.0666460616059	80.0	4	ZENX	BXAY	1275	1258
0.207392	0.873489	0.215337984026	100.0	3	ZENX	XUAB	1276	1260
0.787673	0.999997	0.853240788854	100.0	2	ZENX	VQYB	1277	1262
2.174550	1.000000	2.24803672327	100.0	2	XBKS	WCOR	1283	1249
2.085609	1.000000	2.29298260511	100.0	4	RCAH	YXNR	1287	1233
2.680770	1.000000	3.01845442888	100.0	2	RCAH	YLWW	1288	1237
0.876193	0.999997	0.909173881586	100.0	2	EFCZ	YXNR	1291	1234
3.087661	1.000000	3.6335524248	100.0	4	PWSG	CIEA	1297	1213
1.592713	1.000000	1.61598140385	100.0	3	PWSG	XPAF	1298	1215
0.337513	0.976613	0.385241830141	100.0	2	PWSG	WBIB	1299	1217
3.476943	1.000000	4.24793895249	100.0	2	BRUD	PPQR	1305	1209
0.041953	0.452108	0.122886106856	75.0	12	HXJE	Musac_v1.0	1308	1183
3.083586	1.000000	3.96412899601	100.0	4	HXJE	NSPR	1309	1184
0.080874	0.527333	0.0293071756715	26.0	3	HXJE	Elagu_v2.0	1310	1186
0.517131	0.994939	0.596953538435	100.0	2	HXJE	HWUP	1311	1188
3.232373	1.000000	4.61425572177	100.0	8	BDJQ	Musac_v1.0	1316	1191
0.594915	0.999361	0.738162117298	100.0	4	BDJQ	JNUB	1317	1199
3.607565	1.000000	5.316976223	100.0	2	BDJQ	LEMW	1318	1200
0.824990	0.999995	0.784671599374	100.0	2	TZNS	JNUB	1321	1203
0.171230	0.761519	0.331178832497	100.0	4	UOEL	Musac_v1.0	1324	1192
0.093856	0.597207	0.127978884009	97.0	3	UOEL	XHHU	1325	1194
0.276446	0.926943	0.336042925002	100.0	2	UOEL	LSKK	1326	1196
0.461944	0.862512	0.982389735739	100.0	6	VBHQ	OCWZ	1331	1170
1.525000	0.999999	2.45396341415	100.0	5	VBHQ	QOXT	1332	1172
0.879634	0.999931	0.953085002699	100.0	3	VBHQ	VVVV	1333	1176
0.659935	0.999770	0.632121896169	100.0	2	DGXS	VVVV	1335	1178
3.708851	1.000000	5.18328055656	100.0	2	SILJ	QOXT	1338	1173
0.806197	0.976555	1.38379231278	100.0	6	YMES	BYQM	1342	1158
2.676629	1.000000	3.77005313111	100.0	3	YMES	Spipo_v2	1343	1164
2.885473	1.000000	3.17895737071	100.0	2	YMES	MFIN	1344	1166
0.489692	0.867078	1.03018905082	100.0	3	DWZT	BYQM	1348	1159
1.074644	0.997163	1.67269259479	100.0	2	COCP	BYQM	1350	1161
0.648940	0.921695	1.04418827445	100.0	25	XQWC	WKSU	1354	1105
1.123444	0.999261	2.54298284075	100.0	17	XQWC	FALI	1355	1121
2.921645	1.000000	4.71846771693	100.0	6	XQWC	OBPL	1356	1122
0.736420	0.999993	0.766639094395	100.0	5	XQWC	DHPO	1357	1124
3.899062	1.000000	4.72147459289	100.0	2	XQWC	WBOD	1358	1125
0.616598	0.999940	0.647434053827	100.0	3	PSJT	DHPO	1361	1128
3.609519	1.000000	3.87120480154	100.0	2	PSJT	YZRI	1362	1130
2.453803	1.000000	4.25951355738	100.0	11	VYLQ	FALI	1367	1133
0.586614	0.996804	0.793521568	100.0	9	VYLQ	WAIL	1368	1137
0.270460	0.809676	0.412356117893	100.0	7	VYLQ	BSVG	1369	1141
0.067828	0.498960	0.0296122330961	13.0	6	VYLQ	KRJP	1370	1143
1.038332	0.999998	1.37934505573	100.0	5	VYLQ	WIGA	1371	1145
3.178352	1.000000	4.01103699607	100.0	4	BCGB	WIGA	1373	1147
0.262306	0.796510	0.295980875266	99.0	3	BCGB	KAYP	1374	1149
0.190870	0.697180	0.223109664765	96.0	2	BCGB	ABSS	1375	1151
2.575374	1.000000	3.20969903185	100.0	2	MAQO	WAIL	1382	1138
3.295313	1.000000	3.73531915602	100.0	2	WPHN	FALI	1385	1134
0.246800	0.714761	0.715129707656	100.0	8	MUNP	WKSU	1388	1106
2.150689	1.000000	2.60434959288	100.0	6	MUNP	QDVW	1389	1110
3.397180	1.000000	4.28975853184	100.0	4	MUNP	CSSK	1390	1114
3.175911	1.000000	3.34403896782	100.0	2	MUNP	XSZI	1391	1118
1.508160	1.000000	1.50358344764	100.0	2	OPDF	CSSK	1394	1115
0.241826	0.857633	0.298982918935	100.0	2	PAWA	QDVW	1397	1111
2.085775	1.000000	2.8539328814	100.0	2	SJEV	WKSU	1400	1107
3.126934	1.000000	4.38827385426	100.0	2	WZFE	OSHQ	1403	1102
1.524374	0.999503	2.87810139413	100.0	21	AUGV	QTJY	1407	1057
0.344505	0.898405	0.352064670932	100.0	20	AUGV	CCID	1408	1059
2.493444	1.000000	3.50690071148	100.0	12	AUGV	EVOD	1409	1075
1.552108	1.000000	1.65412174226	100.0	4	AUGV	NMGG	1410	1076
3.489214	1.000000	4.49515513982	100.0	3	AUGV	ZGQD	1411	1078
0.163954	0.810070	0.155163338142	99.0	2	UDHA	ZGQD	1413	1080
2.178125	1.000000	2.59207177594	100.0	8	IRAF	EVOD	1417	1083
0.240837	0.882802	0.252406465248	100.0	7	IRAF	XHKT	1418	1085
2.491123	1.000000	2.64262625442	100.0	5	IRAF	SSDU	1419	1089
4.032433	1.000000	4.4223779302	100.0	4	RQNK	SSDU	1421	1091
0.050112	0.521324	0.0554998787185	78.0	3	RQNK	BEKN	1422	1093
0.937312	1.000000	0.860067084423	100.0	2	RQNK	QCOU	1423	1095
0.696034	0.999985	0.808785228307	100.0	2	XMVD	XHKT	1428	1086
0.370643	0.931826	0.650147520179	100.0	8	ZUHO	CCID	1432	1060
1.428985	1.000000	1.90305740159	100.0	7	ZUHO	YHFG	1433	1062
1.908538	1.000000	2.1776599338	100.0	5	ZUHO	VGHH	1434	1066
1.831812	1.000000	1.62082575567	100.0	4	ZUHO	GBVZ	1435	1068
3.708755	1.000000	3.78721535483	100.0	2	ZUHO	UPOG	1436	1069
3.592537	1.000000	3.9920657131	100.0	2	Aquco_v1.1	GBVZ	1439	1072
2.179122	1.000000	2.42154821857	100.0	2	WFBF	YHFG	1443	1063
0.085556	0.515318	0.2899331293	94.0	7	RQUG	AALA	1448	1043
0.607901	0.979916	0.931896747466	100.0	6	RQUG	FAKD	1449	1045
0.517150	0.990184	0.689668737304	100.0	4	RQUG	VQFW	1450	1049
3.905498	1.000000	5.06259503303	100.0	3	RQUG	GRRW	1451	1051
2.324187	1.000000	2.0264760061	100.0	2	RQUG	SIIK	1452	1053
3.850535	1.000000	4.36290559323	100.0	2	Nelnu_v1.0	FAKD	1457	1046
0.190342	0.606186	0.156347765986	60.0	2	IWMW	SWOH	1461	1039
0.000000	0.358527	0.0772144764844	51.0	2	XMQO	EHNF	1464	1035
0.000000	0.378378	0.134179993591	69.0	281	FWBF	WQUF	1467	473
0.021423	0.445202	0.262519844723	76.0	219	FWBF	HAEU	1468	597
1.642023	0.999482	3.17660994833	100.0	217	FWBF	UOYN	1469	601
0.184970	0.606069	0.553482232828	100.0	31	FWBF	BNTL	1470	602
1.098751	0.997890	1.87729136917	100.0	6	FWBF	VTLJ	1471	603
0.164328	0.670761	0.317297400412	100.0	3	FWBF	VUSY	1472	609
0.828893	0.999967	0.854710066179	100.0	2	FWBF	BFJL	1473	611
1.777547	1.000000	2.1253457446	100.0	3	ZETY	VTLJ	1477	604
3.373543	1.000000	3.9296347782	100.0	2	ZETY	QURC	1478	606
1.766224	0.999986	2.54765741934	100.0	25	FNEN	BNTL	1482	614
1.045684	0.998361	2.24807582062	100.0	23	FNEN	BEFC	1483	618
0.637144	0.984886	1.07993790362	100.0	3	FNEN	YSRZ	1484	620
3.481603	1.000000	3.27668837312	100.0	2	FNEN	WVMY	1485	622
0.000000	0.364062			20	AVJK	BEFC	1489	
0.080800	0.514532	0.0769333806105	61.0	12	AVJK	NGRR	1490	640
0.236020	0.738975	0.492686464186	100.0	11	AVJK	JPDJ	1491	642
0.684457	0.992744	1.03515281973	100.0	7	AVJK	HUSX	1492	650
2.842398	1.000000	3.39978695086	100.0	5	AVJK	LRTN	1493	654
1.280663	1.000000	1.09014927204	100.0	3	AVJK	PPPZ	1494	658
2.668812	1.000000	2.75578583697	100.0	2	WXVX	PPPZ	1496	660
1.183430	1.000000	1.12314683429	100.0	2	SERM	LRTN	1499	655
0.911400	0.999970	1.02702571475	100.0	2	QAUE	HUSX	1502	651
0.320756	0.851006	0.570365112882	100.0	4	AXBO	JPDJ	1505	643
0.022100	0.427785	0.132645600099	74.0	3	AXBO	ADHK	1506	645
3.394397	1.000000	4.46114702024	100.0	2	UFHF	ADHK	1508	647
0.106359	0.526043	0.263759169814	98.0	8	VKJD	BEFC	1513	625
0.052433	0.454141	0.107286376006	23.0	5	VKJD	KVFU	1514	631
3.077400	1.000000	3.61440657155	100.0	4	VKJD	ODDO	1515	633
1.456580	1.000000	1.3264512783	100.0	3	PTFA	ODDO	1517	635
3.470872	1.000000	4.02931209195	100.0	2	DAAD	ODDO	1519	637
3.766884	1.000000	4.65601310461	100.0	3	OXYP	BEFC	1523	626
0.038368	0.463326	0.0601621661041	80.0	2	WRPP	BEFC	1525	628
3.028688	1.000000	3.7679528383	100.0	2	JEXA	BNTL	1528	615
1.034286	0.972483	3.44386536043	100.0	186	FUPX	UOYN	1531	663
1.615972	0.999660	3.21081654109	100.0	59	FUPX	CAQZ	1532	664
2.656760	1.000000	3.99016204166	100.0	39	FUPX	IZLO	1533	704
0.605930	0.993513	0.664944779367	100.0	37	FUPX	GIOY	1534	708
0.044572	0.442023			34	FUPX	FXGI	1535	
0.660743	0.998511	0.810843911357	100.0	33	FUPX	IXVJ	1536	716
2.300340	1.000000	2.78721531111	100.0	32	FUPX	HUQC	1537	718
2.977532	1.000000	3.66516528813	100.0	31	FUPX	BMSE	1538	720
0.112723	0.538532	0.133204378287	80.0	8	FUPX	CFRN	1539	721
1.884779	1.000000	2.05734031664	100.0	6	FUPX	JNKW	1540	725
3.301620	1.000000	3.78653604596	100.0	4	FUPX	DDRL	1541	729
0.200930	0.937744	0.250210066971	100.0	3	FUPX	KFZY	1542	731
0.183999	0.827281	0.182212702462	100.0	2	KGJF	KFZY	1544	733
2.506398	1.000000	2.58135203175	100.0	2	RFSD	JNKW	1548	726
2.273150	1.000000	2.72651530796	100.0	2	EYKJ	CFRN	1551	722
0.609573	0.998527	0.871968676252	100.0	23	JEPE	BMSE	1554	736
0.431778	0.976972	0.71719834674	100.0	14	JEPE	AFQQ	1555	754
1.747850	1.000000	2.16434734734	100.0	13	JEPE	DUNJ	1556	756
0.419078	0.997615	0.378597288152	100.0	12	JEPE	UBLN	1557	758
2.591130	1.000000	2.8548061218	100.0	11	JEPE	BIDT	1558	760
0.696669	0.999998	0.725777643161	100.0	10	JEPE	YRBQ	1559	762
0.195434	0.872194	0.193972447636	100.0	8	JEPE	LYPZ	1560	766
1.500161	1.000000	1.70331910518	100.0	5	JEPE	NVSO	1561	772
0.106971	0.665658	0.110084469822	94.0	4	JEPE	QXWF	1562	774
0.059495	0.501660	0.0889514034647	82.0	2	JEPE	ZCUA	1563	778
0.230583	0.908454	0.230028261366	100.0	2	HXCD	QXWF	1566	775
0.124890	0.631950	0.194970995951	100.0	3	JYMN	LYPZ	1570	767
0.447178	0.998920	0.429698847375	100.0	2	JYMN	UYED	1571	769
0.470151	0.999447	0.483158845564	100.0	2	AQZD	YRBQ	1575	763
0.517405	0.995486	0.656733819758	100.0	9	MHYG	BMSE	1582	737
0.076024	0.554834	0.0148558730227	43.0	8	MHYG	DUQG	1583	739
0.300327	0.920557	0.375648294297	100.0	5	MHYG	DOVJ	1584	745
3.216751	1.000000	4.15921471609	100.0	4	MHYG	XRCX	1585	747
0.407091	0.998775	0.354725325428	100.0	3	MHYG	TEZA	1586	749
2.266834	1.000000	2.21047689593	100.0	2	MHYG	DESP	1587	751
3.530208	1.000000	4.05033195252	100.0	3	GUMF	DUQG	1593	740
0.028549	0.451307	0.0598800638189	82.0	2	GUMF	OAGK	1594	742
0.351768	0.901489	0.507726711693	100.0	3	AUIP	GIOY	1602	711
0.027950	0.429669	0.126697064944	77.0	2	TPEM	GIOY	1604	713
3.506723	1.000000	5.19640367538	100.0	2	IHPC	IZLO	1607	705
0.328379	0.814383	0.432160894353	100.0	20	AJFN	CAQZ	1610	665
0.504660	0.969736	0.909460350179	100.0	12	AJFN	SBZH	1611	681
3.187457	1.000000	4.35403572945	100.0	11	AJFN	QIKZ	1612	683
1.645081	1.000000	1.7141993553	100.0	9	AJFN	NTEO	1613	687
0.130709	0.689339	0.203528572494	100.0	7	AJFN	OINM	1614	691
0.175662	0.795973	0.204130193921	100.0	4	AJFN	WEQK	1615	697
0.345029	0.982996	0.412332058575	100.0	3	TQKZ	WEQK	1617	699
3.904853	1.000000	4.27974778555	100.0	2	TQKZ	CWYJ	1618	701
1.185841	1.000000	1.33280802561	100.0	3	SUVN	OINM	1622	692
0.635150	0.999989	0.596140044866	100.0	2	SUVN	EDBB	1623	694
3.859967	1.000000	4.58858903084	100.0	2	SALZ	NTEO	1627	688
2.390771	1.000000	2.14534618325	100.0	2	MVSE	QIKZ	1630	684
0.023854	0.416325	0.0822055104653	60.0	8	CLMX	CAQZ	1634	666
3.890243	1.000000	4.61550217418	100.0	2	CLMX	CLNU	1635	667
1.342005	1.000000	1.74896035417	100.0	6	HLJG	CAQZ	1638	670
1.001364	1.000000	0.992110396121	100.0	2	HLJG	ZJRC	1639	671
3.044086	1.000000	3.10037024943	100.0	4	FFFY	CAQZ	1642	674
1.316049	1.000000	1.2883331617	100.0	2	FFFY	JTRM	1643	678
2.493793	1.000000	2.53715734013	100.0	2	GSZA	CAQZ	1646	675
0.525232	0.856910	1.323516397	100.0	127	QACK	UOYN	1649	781
0.158645	0.591549	0.221579487725	90.0	6	QACK	GIPR	1650	782
2.395915	1.000000	3.03969472672	100.0	4	QACK	DFYF	1651	786
4.060964	1.000000	4.9768292665	100.0	3	SXML	DFYF	1653	788
0.089221	0.627678	0.113189268798	95.0	2	SXML	ASMV	1654	790
1.153957	0.999974	1.70030002753	100.0	2	SZUO	GIPR	1658	783
0.104380	0.534869	0.0636647663272	58.0	121	QZZU	UOYN	1661	793
1.644101	0.999988	2.93372129868	100.0	120	GETL	UOYN	1663	795
2.596714	1.000000	4.71392274539	100.0	63	GETL	COBX	1664	909
2.173732	1.000000	3.09250894279	100.0	58	GETL	DTNC	1665	919
0.542214	0.943338	1.05417584903	100.0	55	GETL	CLRW	1666	925
0.859650	0.989731	1.86699686357	100.0	49	GETL	EJBY	1667	937
0.000000	0.393093			44	GETL	GDZS	1668	
0.485845	0.906439	0.640967268861	100.0	43	GETL	MXFG	1669	949
0.057817	0.458819			36	GETL	EDXZ	1670	
0.000000	0.385017	0.197738001866	79.0	33	GETL	TKEK	1671	969
0.415788	0.839264	1.19938189127	100.0	27	GETL	Mimgu_v2.0	1672	981
2.200090	1.000000	4.13207089977	100.0	20	GETL	BAHE	1673	995
0.373096	0.936808	0.637634525463	100.0	9	GETL	DMLT	1674	996
0.860226	0.999934	1.11929122617	100.0	8	GETL	RTNA	1675	998
0.103085	0.577057	0.132938617611	88.0	4	GETL	ATYL	1676	999
1.545150	1.000000	1.78153559092	100.0	3	GETL	EAAA	1677	1001
3.061456	1.000000	3.39653165852	100.0	2	SNNC	EAAA	1679	1003
1.439229	1.000000	1.89568505425	100.0	4	UCNM	RTNA	1683	1006
0.162391	0.777256	0.0745321420506	49.0	2	UCNM	LRRR	1684	1007
3.739278	1.000000	4.47097884364	100.0	2	GNPX	RTNA	1687	1010
2.973619	1.000000	4.5404032475	100.0	11	PHCE	BAHE	1691	1013
1.627706	1.000000	1.98329975587	100.0	9	PHCE	EQDA	1692	1017
0.710205	0.999793	0.615027588489	100.0	6	PHCE	IYDF	1693	1023
0.000000	0.363747	0.0209565650636	47.0	3	PHCE	PUCW	1694	1029
1.555654	1.000000	1.62588965366	100.0	2	FUMQ	PUCW	1696	1031
2.437849	1.000000	2.86342662397	100.0	3	WHNV	IYDF	1699	1024
1.761175	1.000000	2.11360231822	100.0	2	WHNV	XMBA	1700	1026
0.950975	0.999999	1.02281787347	100.0	3	TAGM	EQDA	1704	1018
1.399773	1.000000	1.45241810779	100.0	2	FDMM	EQDA	1706	1020
0.690472	0.999818	0.746720996879	100.0	2	FYUH	BAHE	1709	1014
0.100218	0.532387	0.31675091382	97.0	7	EJCM	Mimgu_v2.0	1712	982
0.379381	0.874349	0.538711076541	100.0	6	EJCM	UMUL	1713	984
1.973113	1.000000	2.67443730921	100.0	5	EJCM	OWAS	1714	986
0.496767	0.992777	0.585228849896	100.0	4	EJCM	VYDM	1715	988
1.487284	1.000000	1.60377354381	100.0	3	FAMO	VYDM	1717	990
2.863377	1.000000	3.0996864964	100.0	2	FAMO	FROP	1718	992
0.229176	0.688442	0.888782047314	100.0	6	PSHB	TKEK	1725	970
3.619575	1.000000	5.04142934767	100.0	3	PSHB	GCFE	1726	971
2.547019	1.000000	2.72252438551	100.0	2	PSHB	MQIV	1727	973
3.157331	1.000000	4.42388427617	100.0	3	UTQR	TKEK	1731	976
0.219542	0.934696	0.236738259497	100.0	2	UTQR	XAYK	1732	978
0.044873	0.460749			3	ZRIN	EDXZ	1736	
2.010815	1.000000	1.97013158122	100.0	2	WOHL	EDXZ	1738	950
0.019649	0.426379	0.161884205941	68.0	7	PCGJ	MXFG	1741	956
3.272599	1.000000	4.54780711393	100.0	4	PCGJ	WEAC	1742	962
2.823739	1.000000	3.06339092203	100.0	3	AYIY	WEAC	1744	964
0.127311	0.755596	0.112485353452	98.0	2	NBMW	WEAC	1746	966
1.857797	1.000000	2.70179015471	100.0	3	HRUR	MXFG	1749	957
3.677312	1.000000	5.11764427403	100.0	2	JCMU	MXFG	1751	959
1.586802	0.999999	2.10414075137	100.0	5	XRLM	EJBY	1755	940
2.531833	1.000000	2.71750191917	100.0	4	XRLM	XXYA	1756	942
3.120836	1.000000	3.28653447334	100.0	2	XRLM	GRFT	1757	946
3.486225	1.000000	3.87120101091	100.0	2	SIBR	XXYA	1760	943
0.318023	0.772260	0.673333632275	100.0	6	GNRI	CLRW	1764	926
1.293078	0.999986	1.77501246388	100.0	5	GNRI	XISJ	1765	928
2.051213	1.000000	2.20417255167	100.0	3	GNRI	YKZB	1766	932
3.135467	1.000000	3.26887951909	100.0	2	PTBJ	YKZB	1768	934
3.614260	1.000000	3.95357200834	100.0	2	YRHD	XISJ	1771	929
1.396126	0.999998	1.98100238583	100.0	3	DCCI	DTNC	1775	920
0.624637	0.999442	0.661233699043	100.0	2	RWKR	DTNC	1777	922
0.078856	0.488015	0.147749658384	97.0	5	KTAR	COBX	1780	910
3.538272	1.000000	4.9547882212	100.0	4	KTAR	MZLD	1781	912
0.915849	1.000000	0.916715270195	100.0	3	KTAR	TORX	1782	914
0.468690	0.987703	0.487356053823	100.0	2	KTAR	YZGX	1783	916
0.078959	0.505120	0.132234145032	88.0	57	NAUM	UOYN	1789	796
2.212400	1.000000	3.24226555866	100.0	25	NAUM	MKZR	1790	797
3.201200	1.000000	4.10261098785	100.0	12	NAUM	AHRN	1791	798
1.797727	1.000000	1.64295103006	100.0	11	NAUM	CPOC	1792	800
2.190548	1.000000	2.25559520584	100.0	10	NAUM	ALUC	1793	802
1.542423	1.000000	1.53217619865	100.0	7	NAUM	OQBM	1794	808
0.113587	0.725298	0.105223855355	97.0	4	NAUM	VXKB	1795	814
0.257900	0.968168	0.234747173969	100.0	2	NAUM	EMBR	1796	818
2.223130	1.000000	2.30111610913	100.0	2	XQRV	VXKB	1799	815
0.118432	0.708018	0.146570355498	99.0	3	QSLH	OQBM	1802	809
0.715668	1.000000	0.787164003429	100.0	2	QSLH	NHAG	1803	811
1.263761	1.000000	1.20412997133	100.0	3	IZNU	ALUC	1807	803
0.841872	1.000000	0.766030058973	100.0	2	IZNU	ERWT	1808	805
3.607690	1.000000	4.43156548063	100.0	13	UGJI	MKZR	1814	821
1.077677	1.000000	1.06648102623	100.0	12	UGJI	BOLZ	1815	823
0.424023	0.997497	0.551234345931	100.0	9	UGJI	JNVS	1816	829
1.529349	1.000000	1.60291243112	100.0	7	UGJI	GHLP	1817	833
0.667054	0.999990	0.75522259216	100.0	3	UGJI	NMDZ	1818	834
0.710033	0.999992	0.693382053705	100.0	2	LQJY	NMDZ	1820	836
0.230390	0.919526	0.236090658547	100.0	4	Solly_iTAGv2.3	GHLP	1823	839
3.589510	1.000000	4.1106327595	100.0	2	Solly_iTAGv2.3	DLAI	1824	843
0.263853	0.956714	0.297328363656	100.0	2	DLJZ	GHLP	1827	840
2.366822	1.000000	2.52728490096	100.0	2	AIOU	JNVS	1830	830
0.949669	1.000000	0.835812627056	100.0	3	LWCK	BOLZ	1833	824
2.996676	1.000000	3.13159037628	100.0	2	LWCK	OSMU	1834	826
0.133932	0.583019	0.236084227875	99.0	32	DIHD	UOYN	1839	846
2.563863	1.000000	3.50961445316	100.0	15	DIHD	DKFZ	1840	847
0.607420	0.997597	0.74259679809	100.0	14	DIHD	YQIJ	1841	849
0.196100	0.753564	0.170452854066	99.0	13	DIHD	EMAL	1842	851
3.487529	1.000000	4.16685403617	100.0	10	DIHD	NIGS	1843	857
0.091546	0.633920	0.0956776088655	94.0	2	DIHD	XVRU	1844	858
0.907189	1.000000	0.982893642066	100.0	8	OUER	NIGS	1847	861
0.569609	0.999891	0.646825678888	100.0	7	OUER	OEKO	1848	863
0.313707	0.981973	0.3499211825	100.0	6	OUER	JWEY	1849	865
2.085462	1.000000	2.10559378633	100.0	2	OUER	IDGE	1850	866
0.173643	0.769185	0.231346860577	100.0	4	MDJK	JWEY	1853	869
0.342450	0.989945	0.384433551249	100.0	3	MZOB	JWEY	1855	871
0.050435	0.505202			2	ABEH	JWEY	1857	
1.368801	1.000000	1.43779367761	100.0	3	SMUR	EMAL	1862	852
2.969165	1.000000	3.12579008772	100.0	2	SMUR	HANM	1863	854
2.511962	1.000000	3.96878586192	100.0	17	ZSGF	UOYN	1869	876
3.023222	1.000000	3.60040937256	100.0	4	ZSGF	WQRD	1870	877
2.531784	1.000000	2.53096742316	100.0	3	ZSGF	PCNH	1871	879
3.102385	1.000000	3.06027079469	100.0	2	KTWL	PCNH	1873	881
0.791541	0.999685	1.02166004657	100.0	13	ECTD	UOYN	1877	884
0.290498	0.873692	0.334444273842	100.0	3	ECTD	HGSM	1878	885
2.172425	1.000000	2.31696103147	100.0	2	ECTD	KPUM	1879	887
0.110287	0.574313	0.221042706572	100.0	10	GGJD	UOYN	1883	890
3.182276	1.000000	4.64021744273	100.0	9	JCLQ	UOYN	1885	892
0.211677	0.863517	0.261877711451	100.0	7	JCLQ	MGVU	1886	896
1.303817	1.000000	1.44029387502	100.0	6	JCLQ	EDEQ	1887	898
0.540261	0.999839	0.625883259178	100.0	5	JCLQ	JGYZ	1888	900
0.274423	0.951809	0.285870229302	100.0	4	JCLQ	YADI	1889	902
4.076406	1.000000	5.50668563228	100.0	2	JCLQ	YFQX	1890	903
3.523323	1.000000	3.75633362452	100.0	2	DSUV	YADI	1893	906
1.167705	1.000000	1.25779096994	100.0	2	QEHE	UOYN	1899	893
3.254681	1.000000	4.67656391477	100.0	2	QUTB	HAEU	1902	598
2.496145	1.000000	5.02343156027	100.0	62	CTYH	WQUF	1905	474
1.092913	0.999964	1.22663619153	100.0	59	CTYH	CVDF	1906	480
0.460727	0.971276	0.547765060035	100.0	58	CTYH	RUUB	1907	482
1.849580	1.000000	2.82151470902	100.0	57	CTYH	YNFJ	1908	484
0.194802	0.674356	0.519189159703	100.0	56	CTYH	RXEN	1909	486
0.545410	0.932097	1.24806872509	100.0	34	CTYH	BJKT	1910	530
0.068696	0.462931	0.322437755465	99.0	17	CTYH	KJAA	1911	564
2.254757	1.000000	3.95502261433	100.0	13	CTYH	LKKX	1912	572
0.516583	0.996993	0.519970430352	100.0	12	UQCB	LKKX	1914	574
0.222350	0.806893	0.258939067007	100.0	11	UQCB	JLOV	1915	576
2.956852	1.000000	3.49081122505	100.0	9	UQCB	BYNZ	1916	580
2.314783	1.000000	2.40899945115	100.0	2	UQCB	EZGR	1917	581
0.289060	0.963248	0.248104796171	100.0	7	LLQV	BYNZ	1920	584
0.119464	0.689443	0.167553207917	100.0	6	LDEL	BYNZ	1922	586
2.139925	1.000000	2.20730215987	100.0	4	LDEL	CPLT	1923	590
0.936883	1.000000	0.855609007524	100.0	3	LDEL	GCYL	1924	592
1.282682	1.000000	1.18952641095	100.0	2	IWIS	GCYL	1926	594
2.113806	1.000000	2.36964138018	100.0	2	KDCH	BYNZ	1930	587
1.210880	0.999478	1.48287207917	100.0	2	CPKP	JLOV	1933	577
1.723884	1.000000	2.49732217883	100.0	4	RNBN	KJAA	1937	565
0.031640	0.431440	0.0545055804572	64.0	3	RNBN	NXTS	1938	567
0.316911	0.928116	0.410289745147	100.0	2	RNBN	SCAO	1939	569
0.907263	0.997213	1.39097929851	100.0	17	JGAB	BJKT	1944	531
1.252044	0.999992	1.82083079655	100.0	11	JGAB	GIWN	1945	543
0.370400	0.940629	0.454328131842	100.0	8	JGAB	AZBL	1946	549
2.476815	1.000000	2.88015300791	100.0	6	JGAB	JAFJ	1947	553
3.451682	1.000000	3.67697693093	100.0	5	JGAB	VJPU	1948	555
0.189348	0.908562	0.212952122464	100.0	4	DVXD	VJPU	1950	557
3.500764	1.000000	3.65210020261	100.0	2	DVXD	EGOS	1951	561
2.393310	1.000000	2.27903054868	100.0	2	ZBTA	VJPU	1954	558
1.528509	1.000000	1.95068011144	100.0	2	SFKQ	AZBL	1958	550
0.000000	0.361439	0.0	29.0	3	MRKX	GIWN	1961	544
3.731487	1.000000	5.23323663464	100.0	2	MRKX	BKQU	1962	546
0.579626	0.986405	0.786913336248	100.0	6	BERS	BJKT	1966	532
3.299792	1.000000	4.39463171879	100.0	5	BERS	OMYK	1967	534
0.597513	0.999974	0.608323152305	100.0	4	BERS	GJNX	1968	536
2.553849	1.000000	2.73486675594	100.0	3	EDIT	GJNX	1970	538
1.021764	1.000000	0.97048038008	100.0	2	EDIT	HZTS	1971	540
1.376403	0.999945	2.45506901965	100.0	22	WGET	RXEN	1977	487
2.546837	1.000000	4.22613660979	100.0	16	WGET	XSSD	1978	499
0.350515	0.958466	0.360483430132	100.0	7	WGET	Betvu_v1.1	1979	500
0.055661	0.464235	0.0644299011114	41.0	6	CBJR	Betvu_v1.1	1981	502
3.432763	1.000000	3.69502538269	100.0	4	CBJR	SMMC	1982	506
2.195934	1.000000	2.0689717142	100.0	3	CBJR	ONLQ	1983	508
0.214800	0.954054	0.206677010807	100.0	2	AAXJ	ONLQ	1985	510
3.335461	1.000000	4.0873098185	100.0	2	FVXD	Betvu_v1.1	1989	503
0.770398	0.999927	0.805664161526	100.0	9	OHKC	XSSD	1992	513
2.878513	1.000000	3.99798357751	100.0	7	OHKC	HDSY	1993	517
0.713610	0.999995	0.667326608245	100.0	5	OHKC	CUTE	1994	521
1.475212	1.000000	1.3942993487	100.0	4	OHKC	ZBPY	1995	523
1.925018	1.000000	1.89023373196	100.0	2	OHKC	EYRD	1996	527
2.450358	1.000000	2.32361107093	100.0	2	BWRK	ZBPY	1999	524
1.275843	1.000000	1.35579756979	100.0	2	PDQH	HDSY	2003	518
3.779020	1.000000	4.60849797608	100.0	2	WMLW	XSSD	2006	514
2.278464	1.000000	2.59718095277	100.0	6	TJES	RXEN	2009	488
1.838641	1.000000	1.85295987325	100.0	5	TJES	FZQN	2010	490
0.650424	0.999075	0.569945157095	100.0	4	SKNL	FZQN	2012	492
0.006040	0.390167	0.00716352242531	36.0	3	SKNL	OLES	2013	494
1.292215	0.999933	1.33354257058	100.0	2	SKNL	SHEZ	2014	496
0.057141	0.462311	0.0871469582747	70.0	3	WOBD	WQUF	2023	475
1.745558	1.000000	1.94105982065	100.0	2	WOBD	FYSJ	2024	477
2.889048	1.000000	3.98071509218	100.0	2	PTLU	VYGG	2028	400
0.000000	0.398997			34	UJGI	YGCX	2031	
0.000000	0.405482	0.758086544654	100.0	32	UJGI	ZHMB	2032	136
2.364985	1.000000	4.31194382352	100.0	29	UJGI	AJJE	2033	142
1.407815	1.000000	1.79945163881	100.0	22	UJGI	YNUE	2034	156
3.587966	1.000000	4.51089841088	100.0	20	UJGI	FEDW	2035	160
1.060710	1.000000	1.10361348294	100.0	19	UJGI	EQYT	2036	162
0.791584	0.999999	0.770762423041	100.0	5	UJGI	JKNQ	2037	163
1.448611	1.000000	1.40187286461	100.0	2	UJGI	TLCA	2038	164
1.483047	1.000000	1.45517142644	100.0	3	AXNH	JKNQ	2041	167
1.068566	1.000000	1.04576879035	100.0	2	AXNH	PMTB	2042	169
0.090460	0.599360	0.103004590508	96.0	14	ZINQ	EQYT	2046	172
1.884029	1.000000	2.19088198198	100.0	12	ZINQ	DZLN	2047	176
0.031527	0.440606	0.0127258365952	23.0	8	ZINQ	ARYD	2048	184
0.942777	1.000000	0.964622951928	100.0	4	ZINQ	IDAU	2049	185
0.203840	0.853907	0.19322136469	100.0	2	ZINQ	BZDF	2050	189
0.648059	0.999991	0.762930454081	100.0	2	ROLB	IDAU	2053	186
0.074008	0.571412	0.0551988395611	68.0	4	YHLF	ARYD	2056	192
0.780181	0.999999	0.899864969718	100.0	2	YHLF	KBRW	2057	196
0.786787	0.999999	0.738152920647	100.0	2	IMZV	ARYD	2060	193
1.072407	1.000000	1.18196903792	100.0	4	CJGZ	DZLN	2063	177
0.016085	0.403991	0.0539410477665	66.0	2	CJGZ	HKMQ	2064	178
0.665469	0.999981	0.678460989001	100.0	2	GVCB	DZLN	2067	181
2.142641	1.000000	2.30353946889	100.0	2	SJAN	EQYT	2070	173
2.621795	1.000000	2.96822851544	100.0	2	RJNQ	YNUE	2074	157
0.005249	0.393016	0.0828507164727	55.0	7	WWQZ	AJJE	2077	143
0.688971	0.996317	0.851478449718	100.0	6	WWQZ	NEBM	2078	145
3.774328	1.000000	4.57126863431	100.0	2	WWQZ	SWGX	2079	146
3.709811	1.000000	5.11064820343	100.0	4	Eucgr_v1.1	NEBM	2082	149
2.679043	1.000000	2.52127429396	100.0	2	Eucgr_v1.1	AYMT	2083	153
2.592753	1.000000	2.35330911969	100.0	2	FGDU	NEBM	2086	150
1.942956	0.999999	3.2130878794	100.0	3	UDUT	ZHMB	2090	137
1.295286	1.000000	1.42493704794	100.0	2	UDUT	KVAY	2091	139
0.345789	0.743584	0.684576396992	100.0	2	HDWF	YGCX	2095	403
0.497566	0.783621	1.79343511344	100.0	100	PAZJ	TIUZ	2098	199
0.000000	0.479231	1.17904242749	100.0	47	PAZJ	MFEA	2099	200
0.866036	0.943577	2.23113804952	100.0	45	PAZJ	XPBC	2100	204
0.000000	0.418370			7	PAZJ	RVGH	2101	
2.131539	1.000000	3.72097447643	100.0	6	PAZJ	PXYR	2102	205
0.049396	0.442684	0.121920513105	84.0	4	PAZJ	VVPY	2103	209
0.377731	0.969377	0.556059298898	100.0	3	XNLP	VVPY	2105	211
3.998554	1.000000	5.3148466685	100.0	2	XNLP	Manes_v4.1	2106	213
3.040915	1.000000	4.0219358678	100.0	2	RHAU	PXYR	2110	206
0.000000	0.348417			38	ZTLR	XPBC	2114	
1.551354	0.999977	3.13457777011	100.0	2	ZTLR	RPPC	2115	221
0.000000	0.354010			36	TDTF	XPBC	2118	
0.612049	0.931747	1.21165285176	100.0	14	TDTF	LPGY	2119	227
3.725067	1.000000	5.32137792553	100.0	8	TDTF	Poptr_v3.0	2120	239
2.964750	1.000000	3.04145452289	100.0	7	TDTF	INQX	2121	241
0.630790	0.999999	0.548799398383	100.0	6	TDTF	RZTJ	2122	243
0.093216	0.652506	0.116286931976	97.0	5	TDTF	GLVK	2123	245
0.248976	0.976162	0.284474683593	100.0	2	TDTF	LFOG	2124	246
0.099470	0.694289	0.111534188686	97.0	3	KKDQ	GLVK	2127	249
0.406734	0.999628	0.448908369387	100.0	2	KKDQ	IEPQ	2128	251
0.000000	0.377178	0.0775918607043	64.0	6	SIZE	LPGY	2135	228
3.370895	1.000000	5.33977921698	100.0	4	SIZE	COAQ	2136	232
3.475495	1.000000	3.66726243628	100.0	3	SIZE	EZZT	2137	234
2.120618	1.000000	2.12525107771	100.0	2	SIZE	ZIWB	2138	236
3.841336	1.000000	5.30164194982	100.0	2	NJLF	LPGY	2143	229
0.000000	0.385471			22	YGAT	XPBC	2146	
0.000000	0.369959			15	YGAT	AXPJ	2147	
1.011422	0.994860	2.25924189567	100.0	2	YGAT	VNMY	2148	217
0.000000	0.410223	0.077957330745	53.0	13	HBUQ	AXPJ	2151	268
3.819614	1.000000	5.35658602197	100.0	2	HBUQ	ZBVT	2152	269
3.538365	1.000000	5.49420324367	100.0	11	AEPI	AXPJ	2155	272
2.316562	1.000000	2.3724700068	100.0	7	AEPI	HNCF	2156	280
1.318943	1.000000	1.33803542332	100.0	6	AEPI	OODC	2157	282
3.564810	1.000000	4.22694981129	100.0	3	AEPI	BVOF	2158	288
0.343625	0.998469	0.343161224772	100.0	2	AEPI	BHYC	2159	290
1.578401	1.000000	1.60868868819	100.0	3	MYVH	OODC	2163	283
2.192438	1.000000	2.15439722576	100.0	2	POZS	OODC	2165	285
2.824611	1.000000	3.25201826894	100.0	4	TXMP	AXPJ	2169	273
0.148936	0.698691	0.13899502148	94.0	3	TXMP	KCPT	2170	275
1.288607	1.000000	1.20020850065	100.0	2	TXMP	VXOD	2171	277
0.000000	0.385214	0.276175967629	90.0	7	CKDK	XPBC	2176	255
0.058263	0.480378			6	CKDK	BNDE	2177	
3.589003	1.000000	4.90284816243	100.0	2	CKDK	TVCU	2178	258
2.283113	1.000000	3.5170147802	100.0	4	FWCQ	BNDE	2181	261
3.454563	1.000000	4.56203539005	100.0	2	FWCQ	OSIP	2182	262
0.262913	0.854667	0.175122875245	99.0	2	NFXV	BNDE	2185	265
1.971718	0.999982	3.57654599984	100.0	2	IHCQ	MFEA	2189	201
0.094683	0.530993	0.871694396945	100.0	53	ZSAB	TIUZ	2192	293
0.000000	0.386401			48	ZSAB	OBTI	2193	
0.276612	0.672030	0.958396382505	100.0	35	ZSAB	MYZV	2194	329
1.639707	0.999897	3.25009305272	100.0	10	ZSAB	PUDI	2195	330
0.108054	0.561944	0.238090014639	100.0	8	ZSAB	WMUK	2196	334
0.000000	0.371560	0.0	29.0	5	ZSAB	ATFX	2197	340
3.272128	1.000000	4.36584620666	100.0	4	ZSAB	Theca_v1.1	2198	342
0.414136	0.994480	0.43327589813	100.0	3	ZSAB	WYIG	2199	344
1.422976	1.000000	1.39126554982	100.0	2	ZSAB	OLXF	2200	346
0.456388	0.964518	0.662932442168	100.0	3	KPTE	WMUK	2206	335
1.444551	1.000000	1.70034929616	100.0	2	PKMO	WMUK	2208	337
3.575911	1.000000	4.28588277412	100.0	2	AWJM	PUDI	2211	331
1.792722	0.999960	3.57284328186	100.0	25	TZWR	MYZV	2214	349
1.052346	0.999094	1.32116420753	100.0	21	TZWR	CRNC	2215	357
1.092427	0.999781	1.41852111819	100.0	20	TZWR	DZTK	2216	359
0.083640	0.504445	0.253093686365	90.0	19	TZWR	JOIS	2217	361
0.646195	0.931900	1.44363633302	100.0	18	TZWR	SWPE	2218	363
2.312861	1.000000	2.7975003319	100.0	16	TZWR	RTTY	2219	367
1.406340	1.000000	1.57316547963	100.0	15	TZWR	LVUS	2220	369
3.404931	1.000000	4.96452720418	100.0	11	TZWR	Arath_TAIR10	2221	377
0.025792	0.409304	0.0411086188209	62.0	10	TZWR	IPWB	2222	379
1.614345	1.000000	1.56118861515	100.0	7	TZWR	HABV	2223	385
1.331790	0.999981	1.40283102702	100.0	6	UVQL	HABV	2225	387
0.000000	0.380312			5	UVQL	GTSV	2226	
0.117664	0.573967	0.283103225036	100.0	4	UVQL	LJQF	2227	391
0.125613	0.596693	0.0444122015178	54.0	3	UVQL	LAPO	2228	393
0.162315	0.630363	0.287429086967	99.0	2	UVQL	BXBF	2229	395
0.110048	0.572418	0.145421071517	99.0	3	CSUV	IPWB	2236	380
2.178697	1.000000	2.18804967456	100.0	2	VMNH	IPWB	2238	382
1.653385	1.000000	1.91783142204	100.0	4	UPZX	LVUS	2242	370
0.481283	0.998976	0.520077319931	100.0	2	UPZX	VDKG	2243	374
0.057073	0.508440	0.034908764956	59.0	2	QSKP	LVUS	2246	371
0.314837	0.921792	0.350289765661	100.0	2	UAXP	SWPE	2250	364
0.236950	0.734224	0.327045990267	100.0	4	Carpa_ASGPBv0.4	MYZV	2256	350
0.524472	0.992673	0.67956663785	100.0	2	Carpa_ASGPBv0.4	CZPV	2257	354
2.404368	1.000000	2.49362531459	100.0	2	HYZL	MYZV	2260	351
2.610839	1.000000	4.04330123133	100.0	13	YUOM	OBTI	2263	304
0.128680	0.611718	0.200364666154	99.0	12	YUOM	WAXR	2264	306
0.298238	0.865717	0.505002897755	100.0	9	YUOM	UHJR	2265	312
0.284956	0.869545	0.413913232469	100.0	4	YUOM	BCAA	2266	313
0.813240	0.999991	0.969594556915	100.0	3	YUOM	FCCA	2267	315
2.465927	1.000000	2.27069827796	100.0	2	JSZD	FCCA	2269	317
1.206556	0.999965	1.81169985974	100.0	5	UVDC	UHJR	2273	320
0.078375	0.480413	0.0726639399258	56.0	4	UVDC	IKFD	2274	322
3.541876	1.000000	3.90221774508	100.0	2	UVDC	RJIM	2275	323
2.736486	1.000000	2.73026772784	100.0	2	QICX	IKFD	2278	326
3.206257	1.000000	4.24003397027	100.0	3	HBHB	WAXR	2282	307
0.970411	1.000000	0.959775843814	100.0	2	HBHB	VFFP	2283	309
0.000000	0.422287			5	WWKL	TIUZ	2288	
1.352724	0.999557	2.74345205385	100.0	4	JHCN	TIUZ	2290	294
1.705995	1.000000	1.97850055991	100.0	3	THHD	TIUZ	2292	296
0.123196	0.614670	0.109199440593	70.0	2	THHD	YZVJ	2293	298
0.000000	0.419987	0.41296815365	99.0	29	RBYC	AXAF	2297	77
1.331979	0.997784	2.72591824453	100.0	26	RBYC	VCIN	2298	83
1.468973	0.999957	2.79815312185	100.0	12	RBYC	CQMG	2299	84
0.066983	0.477324	0.0740210500898	70.0	4	RBYC	ZHEE	2300	85
2.261943	1.000000	2.85043703479	100.0	3	EILE	ZHEE	2302	87
2.944422	1.000000	2.88627191194	100.0	2	EILE	WVEF	2303	89
1.413014	1.000000	1.89525980492	100.0	8	BJSW	CQMG	2307	92
0.950657	0.999989	1.30355197355	100.0	7	BJSW	WKCY	2308	94
2.473452	1.000000	2.81312842417	100.0	3	BJSW	KYAD	2309	95
3.822007	1.000000	4.31567555181	100.0	2	BJSW	AQGE	2310	97
0.677070	0.999620	0.674086345018	100.0	4	EDHN	WKCY	2314	100
2.043861	1.000000	2.13152785567	100.0	2	EDHN	XVJB	2315	101
1.105628	0.999999	1.36476755648	100.0	2	ACFP	WKCY	2318	104
3.116020	1.000000	4.99803350302	100.0	14	QNOC	VCIN	2322	107
2.854947	1.000000	3.64863869649	100.0	3	QNOC	DHAW	2323	108
0.526143	0.998278	0.472571628787	100.0	2	QNOC	IANR	2324	110
0.131525	0.625175	0.114505342694	95.0	11	XFFT	VCIN	2328	113
3.005875	1.000000	3.50055059595	100.0	2	XFFT	SQCF	2329	114
1.857050	1.000000	1.9267574543	100.0	9	SXCE	VCIN	2332	117
0.195903	0.778902	0.245006705795	100.0	8	TJQY	VCIN	2334	119
0.053103	0.465137	0.11146791914	65.0	3	TJQY	NCVK	2335	120
3.179020	1.000000	3.45976030443	100.0	2	Prupe_v1.0	NCVK	2337	122
0.109839	0.593093	0.0290421028303	38.0	5	ZPKK	VCIN	2340	125
2.902826	1.000000	3.14505162716	100.0	4	EAVM	VCIN	2342	127
0.003972	0.372317			3	BLVL	VCIN	2344	
0.044814	0.461561			2	BLVL	QIEH	2345	
0.776036	0.925149	1.61219070614	100.0	3	OCTM	AXAF	2349	78
0.074512	0.477746	0.118480171025	47.0	2	OCTM	NNGU	2350	80
