Len1	Boot1	Len2	Boot2	NDesc	LeafA	LeafB	Node1	Node2
0.730087930153	100.0	0.821880	1.000000	1176	Phavu_v1.0	CBNG	4	3
0.307550309431	100.0	0.292791	0.973257	1175	SUAK	CBNG	6	5
0.141592028005	99.0	0.194241	0.855407	1174	NXOH	CBNG	8	7
2.88666982381	100.0	2.582553	1.000000	1173	RMWJ	CBNG	10	9
1.2804229676	100.0	1.025684	0.998832	6	RMWJ	MYMP	11	10
0.1427688813	77.0	0.066785	0.479792	5	JTQQ	MYMP	13	11
3.98981184081	100.0	3.369995	1.000000	2	JTQQ	PEZP	14	12
0.875225672772	100.0	0.928502	1.000000	3	KNMB	MYMP	17	15
4.73327467263	100.0	3.966030	1.000000	2	HJMP	MYMP	19	16
0.463853763316	100.0	0.455848	0.991095	1167	VLNB	CBNG	22	21
0.672521638124	100.0	0.481231	0.994131	1166	CMFF	CBNG	24	23
4.376235982	100.0	3.226284	1.000000	2	CMFF	TTRG	25	24
1.35872593881	100.0	1.153638	1.000000	1164	SLYR	CBNG	28	27
0.411452139061	100.0	0.401628	0.988605	1163	ZSSR	CBNG	30	29
3.551812504	100.0	2.506860	1.000000	1162	QZXQ	CBNG	32	31
2.53136464287	100.0	1.703759	1.000000	7	QZXQ	PJSX	33	32
2.9347282084	100.0	2.803991	1.000000	3	QZXQ	GEHT	34	40
1.50858393888	100.0	1.587236	1.000000	2	VHZV	GEHT	36	41
0.642794894192	100.0	0.631589	0.999059	4	KZED	PJSX	39	33
3.90381136809	100.0	2.554717	1.000000	3	XOOE	PJSX	41	34
2.57587842799	100.0	2.443926	1.000000	2	ZCDJ	PJSX	43	35
0.636734731854	100.0	0.524769	0.988133	1155	RKLL	CBNG	46	45
0.140311646818	98.0	0.068636	0.516969	3	RKLL	RKFX	47	46
3.76745776593	100.0	3.098794	1.000000	2	JETM	RKFX	49	48
3.37868713602	100.0	2.736281	1.000000	1152	OQHZ	CBNG	52	51
0.163635832632	98.0	0.139264	0.622716	1151	OHAE	CBNG	54	53
4.0121150086	100.0	2.060252	1.000000	1150	TJLC	CBNG	56	55
4.59587930752	100.0	2.575070	1.000000	10	TJLC	CWZU	57	56
1.54985702776	100.0	1.289989	1.000000	9	SVVG	CWZU	59	57
3.80029169718	100.0	2.751103	1.000000	4	SVVG	NHUA	60	67
3.69190940706	100.0	3.716044	1.000000	3	HENI	NHUA	62	68
1.50643867296	100.0	1.701771	1.000000	2	UZWG	NHUA	64	69
0.808091346183	100.0	0.765609	0.999927	5	INSP	CWZU	67	58
0.623399017116	100.0	0.581223	0.998930	2	INSP	DXQW	68	64
1.54200092477	100.0	1.483083	1.000000	3	LNER	CWZU	71	59
2.29103476652	100.0	2.447147	1.000000	2	LWDA	CWZU	73	60
0.450596587001	99.0	0.065035	0.498175	1140	AXAF	CBNG	76	75
0.41296815365	99.0	0.000000	0.419987	29	AXAF	BLVL	77	2297
1.61219070614	100.0	0.776036	0.925149	3	AXAF	NNGU	78	2349
0.118480171025	47.0	0.074512	0.477746	2	OCTM	NNGU	80	2350
2.72591824453	100.0	1.331979	0.997784	26	RBYC	BLVL	83	2298
2.79815312185	100.0	1.468973	0.999957	12	RBYC	ACFP	84	2299
0.0740210500898	70.0	0.066983	0.477324	4	RBYC	EILE	85	2300
2.85043703479	100.0	2.261943	1.000000	3	ZHEE	EILE	87	2302
2.88627191194	100.0	2.944422	1.000000	2	WVEF	EILE	89	2303
1.89525980492	100.0	1.413014	1.000000	8	CQMG	ACFP	92	2307
1.30355197355	100.0	0.950657	0.999989	7	KYAD	ACFP	94	2308
2.81312842417	100.0	2.473452	1.000000	3	KYAD	AQGE	95	2309
4.31567555181	100.0	3.822007	1.000000	2	BJSW	AQGE	97	2310
0.674086345018	100.0	0.677070	0.999620	4	EDHN	ACFP	100	2314
2.13152785567	100.0	2.043861	1.000000	2	EDHN	XVJB	101	2315
1.36476755648	100.0	1.105628	0.999999	2	WKCY	ACFP	104	2318
4.99803350302	100.0	3.116020	1.000000	14	DHAW	BLVL	107	2322
3.64863869649	100.0	2.854947	1.000000	3	DHAW	QNOC	108	2323
0.472571628787	100.0	0.526143	0.998278	2	IANR	QNOC	110	2324
0.114505342694	95.0	0.131525	0.625175	11	SQCF	BLVL	113	2328
3.50055059595	100.0	3.005875	1.000000	2	SQCF	XFFT	114	2329
1.9267574543	100.0	1.857050	1.000000	9	SXCE	BLVL	117	2332
0.245006705795	100.0	0.195903	0.778902	8	TJQY	BLVL	119	2334
0.11146791914	65.0	0.053103	0.465137	3	TJQY	NCVK	120	2335
3.45976030443	100.0	3.179020	1.000000	2	Prupe_v1.0	NCVK	122	2337
0.0290421028303	38.0	0.109839	0.593093	5	ZPKK	BLVL	125	2340
3.14505162716	100.0	2.902826	1.000000	4	QIEH	BLVL	127	2342
0.0994554124721	89.0			3	VCIN	BLVL	129	
0.0663250939839	67.0			2	EAVM	BLVL	131	
1.72002018219	100.0	0.622749	0.854106	1111	ZHMB	CBNG	134	76
0.114135865464	57.0			132	ZHMB	UVQL	135	
0.758086544654	100.0	0.000000	0.405482	32	ZHMB	YHLF	136	2032
3.2130878794	100.0	1.942956	0.999999	3	ZHMB	KVAY	137	2090
1.42493704794	100.0	1.295286	1.000000	2	UDUT	KVAY	139	2091
4.31194382352	100.0	2.364985	1.000000	29	AJJE	YHLF	142	2033
0.0828507164727	55.0	0.005249	0.393016	7	AJJE	AYMT	143	2077
0.851478449718	100.0	0.688971	0.996317	6	SWGX	AYMT	145	2078
4.57126863431	100.0	3.774328	1.000000	2	SWGX	WWQZ	146	2079
5.11064820343	100.0	3.709811	1.000000	4	NEBM	AYMT	149	2082
2.35330911969	100.0	2.592753	1.000000	2	NEBM	FGDU	150	2086
2.52127429396	100.0	2.679043	1.000000	2	Eucgr_v1.1	AYMT	153	2083
1.79945163881	100.0	1.407815	1.000000	22	RJNQ	YHLF	156	2034
2.96822851544	100.0	2.621795	1.000000	2	RJNQ	YNUE	157	2074
4.51089841088	100.0	3.587966	1.000000	20	FEDW	YHLF	160	2035
1.10361348294	100.0	1.060710	1.000000	19	UJGI	YHLF	162	2036
0.770762423041	100.0	0.791584	0.999999	5	UJGI	PMTB	163	2037
1.40187286461	100.0	1.448611	1.000000	2	UJGI	TLCA	164	2038
1.45517142644	100.0	1.483047	1.000000	3	JKNQ	PMTB	167	2041
1.04576879035	100.0	1.068566	1.000000	2	AXNH	PMTB	169	2042
0.103004590508	96.0	0.090460	0.599360	14	SJAN	YHLF	172	2046
2.30353946889	100.0	2.142641	1.000000	2	SJAN	EQYT	173	2070
2.19088198198	100.0	1.884029	1.000000	12	HKMQ	YHLF	176	2047
1.18196903792	100.0	1.072407	1.000000	4	HKMQ	GVCB	177	2063
0.0539410477665	66.0	0.016085	0.403991	2	HKMQ	CJGZ	178	2064
0.678460989001	100.0	0.665469	0.999981	2	DZLN	GVCB	181	2067
0.0127258365952	23.0	0.031527	0.440606	8	ROLB	YHLF	184	2048
0.964622951928	100.0	0.942777	1.000000	4	ROLB	BZDF	185	2049
0.762930454081	100.0	0.648059	0.999991	2	ROLB	IDAU	186	2053
0.19322136469	100.0	0.203840	0.853907	2	ZINQ	BZDF	189	2050
0.0551988395611	68.0	0.074008	0.571412	4	ARYD	YHLF	192	2056
0.738152920647	100.0	0.786787	0.999999	2	ARYD	IMZV	193	2060
0.899864969718	100.0	0.780181	0.999999	2	KBRW	YHLF	196	2057
1.79343511344	100.0	0.497566	0.783621	100	IHCQ	UVQL	199	2098
1.17904242749	100.0	0.000000	0.479231	47	IHCQ	AEPI	200	2099
3.57654599984	100.0	1.971718	0.999982	2	IHCQ	MFEA	201	2189
2.23113804952	100.0	0.866036	0.943577	45	RHAU	AEPI	204	2100
3.72097447643	100.0	2.131539	1.000000	6	RHAU	Manes_v4.1	205	2102
4.0219358678	100.0	3.040915	1.000000	2	RHAU	PXYR	206	2110
0.121920513105	84.0	0.049396	0.442684	4	PAZJ	Manes_v4.1	209	2103
0.556059298898	100.0	0.377731	0.969377	3	VVPY	Manes_v4.1	211	2105
5.3148466685	100.0	3.998554	1.000000	2	XNLP	Manes_v4.1	213	2106
0.0815339755974	51.0			39	YGAT	AEPI	216	
2.25924189567	100.0	1.011422	0.994860	2	YGAT	VNMY	217	2148
0.0	38.0			37	RPPC	AEPI	220	
3.13457777011	100.0	1.551354	0.999977	2	RPPC	ZTLR	221	2115
0.0498088880474	40.0			35	RVGH	AEPI	224	
0.258752914048	73.0			15	RVGH	KKDQ	225	
1.21165285176	100.0	0.612049	0.931747	14	NJLF	KKDQ	227	2119
0.0775918607043	64.0	0.000000	0.377178	6	NJLF	ZIWB	228	2135
5.30164194982	100.0	3.841336	1.000000	2	NJLF	LPGY	229	2143
5.33977921698	100.0	3.370895	1.000000	4	COAQ	ZIWB	232	2136
3.66726243628	100.0	3.475495	1.000000	3	EZZT	ZIWB	234	2137
2.12525107771	100.0	2.120618	1.000000	2	SIZE	ZIWB	236	2138
5.32137792553	100.0	3.725067	1.000000	8	Poptr_v3.0	KKDQ	239	2120
3.04145452289	100.0	2.964750	1.000000	7	INQX	KKDQ	241	2121
0.548799398383	100.0	0.630790	0.999999	6	RZTJ	KKDQ	243	2122
0.116286931976	97.0	0.093216	0.652506	5	LFOG	KKDQ	245	2123
0.284474683593	100.0	0.248976	0.976162	2	LFOG	TDTF	246	2124
0.111534188686	97.0	0.099470	0.694289	3	GLVK	KKDQ	249	2127
0.448908369387	100.0	0.406734	0.999628	2	IEPQ	KKDQ	251	2128
0.110429765744	58.0			20	XPBC	AEPI	254	
0.276175967629	90.0	0.000000	0.385214	7	XPBC	NFXV	255	2176
0.10238664455	54.0			3	XPBC	TVCU	256	
4.90284816243	100.0	3.589003	1.000000	2	CKDK	TVCU	258	2178
3.5170147802	100.0	2.283113	1.000000	4	FWCQ	NFXV	261	2181
4.56203539005	100.0	3.454563	1.000000	2	FWCQ	OSIP	262	2182
0.175122875245	99.0	0.262913	0.854667	2	BNDE	NFXV	265	2185
0.077957330745	53.0	0.000000	0.410223	13	ZBVT	AEPI	268	2151
5.35658602197	100.0	3.819614	1.000000	2	ZBVT	HBUQ	269	2152
5.49420324367	100.0	3.538365	1.000000	11	AXPJ	AEPI	272	2155
3.25201826894	100.0	2.824611	1.000000	4	AXPJ	VXOD	273	2169
0.13899502148	94.0	0.148936	0.698691	3	KCPT	VXOD	275	2170
1.20020850065	100.0	1.288607	1.000000	2	TXMP	VXOD	277	2171
2.3724700068	100.0	2.316562	1.000000	7	HNCF	AEPI	280	2156
1.33803542332	100.0	1.318943	1.000000	6	MYVH	AEPI	282	2157
1.60868868819	100.0	1.578401	1.000000	3	MYVH	OODC	283	2163
2.15439722576	100.0	2.192438	1.000000	2	POZS	OODC	285	2165
4.22694981129	100.0	3.564810	1.000000	3	BVOF	AEPI	288	2158
0.343161224772	100.0	0.343625	0.998469	2	BHYC	AEPI	290	2159
0.871694396945	100.0	0.094683	0.530993	53	JHCN	UVQL	293	2192
2.74345205385	100.0	1.352724	0.999557	4	JHCN	THHD	294	2290
1.97850055991	100.0	1.705995	1.000000	3	TIUZ	THHD	296	2292
0.109199440593	70.0	0.123196	0.614670	2	YZVJ	THHD	298	2293
0.208939486906	76.0			49	WWKL	UVQL	301	
0.0378519395857	38.0			14	WWKL	IKFD	302	
4.04330123133	100.0	2.610839	1.000000	13	OBTI	IKFD	304	2263
0.200364666154	99.0	0.128680	0.611718	12	WAXR	IKFD	306	2264
4.24003397027	100.0	3.206257	1.000000	3	WAXR	HBHB	307	2282
0.959775843814	100.0	0.970411	1.000000	2	VFFP	HBHB	309	2283
0.505002897755	100.0	0.298238	0.865717	9	BCAA	IKFD	312	2265
0.413913232469	100.0	0.284956	0.869545	4	BCAA	JSZD	313	2266
0.969594556915	100.0	0.813240	0.999991	3	YUOM	JSZD	315	2267
2.27069827796	100.0	2.465927	1.000000	2	FCCA	JSZD	317	2269
1.81169985974	100.0	1.206556	0.999965	5	UHJR	IKFD	320	2273
0.0726639399258	56.0	0.078375	0.480413	4	UVDC	IKFD	322	2274
3.90221774508	100.0	3.541876	1.000000	2	UVDC	RJIM	323	2275
2.73026772784	100.0	2.736486	1.000000	2	QICX	IKFD	326	2278
0.958396382505	100.0	0.276612	0.672030	35	PUDI	UVQL	329	2194
3.25009305272	100.0	1.639707	0.999897	10	PUDI	ZSAB	330	2195
4.28588277412	100.0	3.575911	1.000000	2	PUDI	AWJM	331	2211
0.238090014639	100.0	0.108054	0.561944	8	KPTE	ZSAB	334	2196
0.662932442168	100.0	0.456388	0.964518	3	KPTE	WMUK	335	2206
1.70034929616	100.0	1.444551	1.000000	2	PKMO	WMUK	337	2208
0.0	29.0	0.000000	0.371560	5	ATFX	ZSAB	340	2197
4.36584620666	100.0	3.272128	1.000000	4	Theca_v1.1	ZSAB	342	2198
0.43327589813	100.0	0.414136	0.994480	3	WYIG	ZSAB	344	2199
1.39126554982	100.0	1.422976	1.000000	2	OLXF	ZSAB	346	2200
3.57284328186	100.0	1.792722	0.999960	25	MYZV	UVQL	349	2214
0.327045990267	100.0	0.236950	0.734224	4	MYZV	Carpa_ASGPBv0.4	350	2256
2.49362531459	100.0	2.404368	1.000000	2	MYZV	HYZL	351	2260
0.67956663785	100.0	0.524472	0.992673	2	CZPV	Carpa_ASGPBv0.4	354	2257
1.32116420753	100.0	1.052346	0.999094	21	CRNC	UVQL	357	2215
1.41852111819	100.0	1.092427	0.999781	20	DZTK	UVQL	359	2216
0.253093686365	90.0	0.083640	0.504445	19	JOIS	UVQL	361	2217
1.44363633302	100.0	0.646195	0.931900	18	SWPE	UVQL	363	2218
0.350289765661	100.0	0.314837	0.921792	2	SWPE	UAXP	364	2250
2.7975003319	100.0	2.312861	1.000000	16	RTTY	UVQL	367	2219
1.57316547963	100.0	1.406340	1.000000	15	QSKP	UVQL	369	2220
1.91783142204	100.0	1.653385	1.000000	4	QSKP	VDKG	370	2242
0.034908764956	59.0	0.057073	0.508440	2	QSKP	LVUS	371	2246
0.520077319931	100.0	0.481283	0.998976	2	UPZX	VDKG	374	2243
4.96452720418	100.0	3.404931	1.000000	11	Arath_TAIR10	UVQL	377	2221
0.0411086188209	62.0	0.025792	0.409304	10	CSUV	UVQL	379	2222
0.145421071517	99.0	0.110048	0.572418	3	CSUV	IPWB	380	2236
2.18804967456	100.0	2.178697	1.000000	2	VMNH	IPWB	382	2238
1.56118861515	100.0	1.614345	1.000000	7	TZWR	UVQL	385	2223
1.40283102702	100.0	1.331790	0.999981	6	GTSV	UVQL	387	2225
0.00699025872736	38.0			5	HABV	UVQL	389	
0.283103225036	100.0	0.117664	0.573967	4	LJQF	UVQL	391	2227
0.0444122015178	54.0	0.125613	0.596693	3	LAPO	UVQL	393	2228
0.287429086967	99.0	0.162315	0.630363	2	BXBF	UVQL	395	2229
0.283741580771	82.0			979	VYGG	CBNG	398	
0.205040710648	72.0			4	VYGG	YGCX	399	
3.98071509218	100.0	2.889048	1.000000	2	VYGG	PTLU	400	2028
0.684576396992	100.0	0.345789	0.743584	2	HDWF	YGCX	403	2095
2.67386726752	100.0	0.700345	0.875763	975	HTIP	CBNG	406	79
2.69495432556	100.0	1.250366	0.992803	23	HTIP	CTSS	407	80
2.02694588156	100.0	1.195459	0.999861	6	HTIP	OMDH	408	114
0.90463481789	100.0	0.807796	0.999954	5	FYTP	OMDH	410	115
0.20529992563	100.0	0.205363	0.847227	4	NUZN	OMDH	412	116
3.47162263052	100.0	3.205883	1.000000	3	YKQR	OMDH	414	118
4.10871263091	100.0	3.607307	1.000000	2	HQRJ	OMDH	416	119
0.533901389455	100.0	0.278498	0.691946	17	IUSR	CTSS	419	81
1.95315428237	100.0	1.317549	0.999969	5	IUSR	ZJUL	420	105
1.62686484382	100.0	1.628665	1.000000	2	IUSR	TOKV	421	106
4.05248526375	100.0	3.432494	1.000000	3	KWGC	ZJUL	424	109
1.20004352619	100.0	1.256170	1.000000	2	DRIL	ZJUL	426	111
3.11518561548	100.0	1.972664	1.000000	12	UWFU	CTSS	429	82
1.43336690974	100.0	1.226237	1.000000	11	SYHW	CTSS	431	83
1.93395343015	100.0	1.720387	1.000000	10	FCBJ	CTSS	433	84
0.639022916223	100.0	0.546803	0.997782	9	YKFU	CTSS	435	85
0.413922333156	100.0	0.387282	0.983798	3	YKFU	CIAC	436	86
0.384074483682	100.0	0.359839	0.987933	2	UHBY	CIAC	438	87
0.0913489598071	88.0	0.089093	0.563344	6	OOVX	CTSS	441	91
0.877501870608	100.0	0.960924	0.999999	2	OOVX	CKKR	442	92
3.68843358287	100.0	3.362285	1.000000	4	ERIA	CTSS	445	95
0.0471847961081	49.0	0.019308	0.404723	3	SLOI	CTSS	447	97
0.244138057527	99.0	0.258923	0.865263	2	DAYQ	CTSS	449	98
0.0856098263572	42.0	0.000000	0.444660	952	BGZG	CBNG	452	125
4.76576358281	100.0	3.574042	1.000000	4	BGZG	BBBA	453	138
0.123711237649	99.0	0.180719	0.851843	3	Vitvi_Genoscope.12X	BBBA	455	139
2.58041122005	100.0	2.746214	1.000000	2	SZPD	BBBA	457	141
0.0555792241559	44.0			948	XKPS	CBNG	460	
3.70061354467	100.0	2.019602	1.000000	6	XKPS	BSEY	461	127
1.18151250266	100.0	1.111436	0.999994	5	VGVI	BSEY	463	128
1.80080386644	100.0	1.724689	1.000000	4	XGFU	BSEY	465	130
2.0548097014	100.0	2.015761	1.000000	2	XGFU	RSPO	466	131
0.696977273424	100.0	0.734952	0.999993	2	QKMG	BSEY	469	134
0.119763770454	61.0	0.000000	0.381045	942	WQUF	CBNG	472	145
0.134179993591	69.0	0.000000	0.378378	281	WQUF	FUMQ	473	1467
5.02343156027	100.0	2.496145	1.000000	62	WQUF	GCYL	474	1905
0.0871469582747	70.0	0.057141	0.462311	3	WQUF	WOBD	475	2023
1.94105982065	100.0	1.745558	1.000000	2	FYSJ	WOBD	477	2024
1.22663619153	100.0	1.092913	0.999964	59	CVDF	GCYL	480	1906
0.547765060035	100.0	0.460727	0.971276	58	RUUB	GCYL	482	1907
2.82151470902	100.0	1.849580	1.000000	57	YNFJ	GCYL	484	1908
0.519189159703	100.0	0.194802	0.674356	56	RXEN	GCYL	486	1909
2.45506901965	100.0	1.376403	0.999945	22	RXEN	OHKC	487	1977
2.59718095277	100.0	2.278464	1.000000	6	RXEN	SHEZ	488	2009
1.85295987325	100.0	1.838641	1.000000	5	TJES	SHEZ	490	2010
0.569945157095	100.0	0.650424	0.999075	4	FZQN	SHEZ	492	2012
0.00716352242531	36.0	0.006040	0.390167	3	OLES	SHEZ	494	2013
1.33354257058	100.0	1.292215	0.999933	2	SKNL	SHEZ	496	2014
4.22613660979	100.0	2.546837	1.000000	16	WGET	OHKC	499	1978
0.360483430132	100.0	0.350515	0.958466	7	WGET	ONLQ	500	1979
0.0644299011114	41.0	0.055661	0.464235	6	FVXD	ONLQ	502	1981
4.0873098185	100.0	3.335461	1.000000	2	FVXD	Betvu_v1.1	503	1989
3.69502538269	100.0	3.432763	1.000000	4	SMMC	ONLQ	506	1982
2.0689717142	100.0	2.195934	1.000000	3	CBJR	ONLQ	508	1983
0.206677010807	100.0	0.214800	0.954054	2	AAXJ	ONLQ	510	1985
0.805664161526	100.0	0.770398	0.999927	9	WMLW	OHKC	513	1992
4.60849797608	100.0	3.779020	1.000000	2	WMLW	XSSD	514	2006
3.99798357751	100.0	2.878513	1.000000	7	PDQH	OHKC	517	1993
1.35579756979	100.0	1.275843	1.000000	2	PDQH	HDSY	518	2003
0.667326608245	100.0	0.713610	0.999995	5	CUTE	OHKC	521	1994
1.3942993487	100.0	1.475212	1.000000	4	BWRK	OHKC	523	1995
2.32361107093	100.0	2.450358	1.000000	2	BWRK	ZBPY	524	1999
1.89023373196	100.0	1.925018	1.000000	2	EYRD	OHKC	527	1996
1.24806872509	100.0	0.545410	0.932097	34	BJKT	GCYL	530	1910
1.39097929851	100.0	0.907263	0.997213	17	BJKT	EGOS	531	1944
0.786913336248	100.0	0.579626	0.986405	6	BJKT	EDIT	532	1966
4.39463171879	100.0	3.299792	1.000000	5	OMYK	EDIT	534	1967
0.608323152305	100.0	0.597513	0.999974	4	BERS	EDIT	536	1968
2.73486675594	100.0	2.553849	1.000000	3	GJNX	EDIT	538	1970
0.97048038008	100.0	1.021764	1.000000	2	HZTS	EDIT	540	1971
1.82083079655	100.0	1.252044	0.999992	11	GIWN	EGOS	543	1945
0.0	29.0	0.000000	0.361439	3	GIWN	BKQU	544	1961
5.23323663464	100.0	3.731487	1.000000	2	MRKX	BKQU	546	1962
0.454328131842	100.0	0.370400	0.940629	8	AZBL	EGOS	549	1946
1.95068011144	100.0	1.528509	1.000000	2	AZBL	SFKQ	550	1958
2.88015300791	100.0	2.476815	1.000000	6	JAFJ	EGOS	553	1947
3.67697693093	100.0	3.451682	1.000000	5	JGAB	EGOS	555	1948
0.212952122464	100.0	0.189348	0.908562	4	ZBTA	EGOS	557	1950
2.27903054868	100.0	2.393310	1.000000	2	ZBTA	VJPU	558	1954
3.65210020261	100.0	3.500764	1.000000	2	DVXD	EGOS	561	1951
0.322437755465	99.0	0.068696	0.462931	17	KJAA	GCYL	564	1911
2.49732217883	100.0	1.723884	1.000000	4	KJAA	SCAO	565	1937
0.0545055804572	64.0	0.031640	0.431440	3	NXTS	SCAO	567	1938
0.410289745147	100.0	0.316911	0.928116	2	RNBN	SCAO	569	1939
3.95502261433	100.0	2.254757	1.000000	13	CTYH	GCYL	572	1912
0.519970430352	100.0	0.516583	0.996993	12	LKKX	GCYL	574	1914
0.258939067007	100.0	0.222350	0.806893	11	CPKP	GCYL	576	1915
1.48287207917	100.0	1.210880	0.999478	2	CPKP	JLOV	577	1933
3.49081122505	100.0	2.956852	1.000000	9	UQCB	GCYL	580	1916
2.40899945115	100.0	2.314783	1.000000	2	UQCB	EZGR	581	1917
0.248104796171	100.0	0.289060	0.963248	7	LLQV	GCYL	584	1920
0.167553207917	100.0	0.119464	0.689443	6	BYNZ	GCYL	586	1922
2.36964138018	100.0	2.113806	1.000000	2	BYNZ	KDCH	587	1930
2.20730215987	100.0	2.139925	1.000000	4	CPLT	GCYL	590	1923
0.855609007524	100.0	0.936883	1.000000	3	LDEL	GCYL	592	1924
1.18952641095	100.0	1.282682	1.000000	2	IWIS	GCYL	594	1926
0.262519844723	76.0	0.021423	0.445202	219	QUTB	FUMQ	597	1468
4.67656391477	100.0	3.254681	1.000000	2	QUTB	HAEU	598	1902
3.17660994833	100.0	1.642023	0.999482	217	VTLJ	FUMQ	601	1469
0.553482232828	100.0	0.184970	0.606069	31	VTLJ	PPPZ	602	1470
1.87729136917	100.0	1.098751	0.997890	6	VTLJ	FWBF	603	1471
2.1253457446	100.0	1.777547	1.000000	3	VTLJ	QURC	604	1477
3.9296347782	100.0	3.373543	1.000000	2	ZETY	QURC	606	1478
0.317297400412	100.0	0.164328	0.670761	3	VUSY	FWBF	609	1472
0.854710066179	100.0	0.828893	0.999967	2	BFJL	FWBF	611	1473
2.54765741934	100.0	1.766224	0.999986	25	BNTL	PPPZ	614	1482
3.7679528383	100.0	3.028688	1.000000	2	BNTL	JEXA	615	1528
2.24807582062	100.0	1.045684	0.998361	23	YSRZ	PPPZ	618	1483
0.0151654439878	41.0			11	YSRZ	DAAD	619	
1.07993790362	100.0	0.637144	0.984886	3	YSRZ	WVMY	620	1484
3.27668837312	100.0	3.481603	1.000000	2	FNEN	WVMY	622	1485
0.263759169814	98.0	0.106359	0.526043	8	OXYP	DAAD	625	1513
4.65601310461	100.0	3.766884	1.000000	3	OXYP	WRPP	626	1523
0.0601621661041	80.0	0.038368	0.463326	2	BEFC	WRPP	628	1525
0.107286376006	23.0	0.052433	0.454141	5	KVFU	DAAD	631	1514
3.61440657155	100.0	3.077400	1.000000	4	VKJD	DAAD	633	1515
1.3264512783	100.0	1.456580	1.000000	3	PTFA	DAAD	635	1517
4.02931209195	100.0	3.470872	1.000000	2	ODDO	DAAD	637	1519
0.0769333806105	61.0	0.080800	0.514532	12	NGRR	PPPZ	640	1490
0.492686464186	100.0	0.236020	0.738975	11	JPDJ	PPPZ	642	1491
0.570365112882	100.0	0.320756	0.851006	4	JPDJ	UFHF	643	1505
0.132645600099	74.0	0.022100	0.427785	3	AXBO	UFHF	645	1506
4.46114702024	100.0	3.394397	1.000000	2	ADHK	UFHF	647	1508
1.03515281973	100.0	0.684457	0.992744	7	QAUE	PPPZ	650	1492
1.02702571475	100.0	0.911400	0.999970	2	QAUE	HUSX	651	1502
3.39978695086	100.0	2.842398	1.000000	5	LRTN	PPPZ	654	1493
1.12314683429	100.0	1.183430	1.000000	2	LRTN	SERM	655	1499
1.09014927204	100.0	1.280663	1.000000	3	AVJK	PPPZ	658	1494
2.75578583697	100.0	2.668812	1.000000	2	WXVX	PPPZ	660	1496
3.44386536043	100.0	1.034286	0.972483	186	CLNU	FUMQ	663	1531
3.21081654109	100.0	1.615972	0.999660	59	CLNU	JEPE	664	1532
0.432160894353	100.0	0.328379	0.814383	20	CLNU	TQKZ	665	1610
0.0822055104653	60.0	0.023854	0.416325	8	CLNU	FFFY	666	1634
4.61550217418	100.0	3.890243	1.000000	2	CLNU	CLMX	667	1635
1.74896035417	100.0	1.342005	1.000000	6	ZJRC	FFFY	670	1638
0.992110396121	100.0	1.001364	1.000000	2	ZJRC	HLJG	671	1639
3.10037024943	100.0	3.044086	1.000000	4	CAQZ	FFFY	674	1642
2.53715734013	100.0	2.493793	1.000000	2	CAQZ	GSZA	675	1646
1.2883331617	100.0	1.316049	1.000000	2	JTRM	FFFY	678	1643
0.909460350179	100.0	0.504660	0.969736	12	SBZH	TQKZ	681	1611
4.35403572945	100.0	3.187457	1.000000	11	QIKZ	TQKZ	683	1612
2.14534618325	100.0	2.390771	1.000000	2	QIKZ	MVSE	684	1630
1.7141993553	100.0	1.645081	1.000000	9	NTEO	TQKZ	687	1613
4.58858903084	100.0	3.859967	1.000000	2	NTEO	SALZ	688	1627
0.203528572494	100.0	0.130709	0.689339	7	OINM	TQKZ	691	1614
1.33280802561	100.0	1.185841	1.000000	3	OINM	EDBB	692	1622
0.596140044866	100.0	0.635150	0.999989	2	SUVN	EDBB	694	1623
0.204130193921	100.0	0.175662	0.795973	4	AJFN	TQKZ	697	1615
0.412332058575	100.0	0.345029	0.982996	3	WEQK	TQKZ	699	1617
4.27974778555	100.0	3.904853	1.000000	2	CWYJ	TQKZ	701	1618
3.99016204166	100.0	2.656760	1.000000	39	IHPC	JEPE	704	1533
5.19640367538	100.0	3.506723	1.000000	2	IHPC	IZLO	705	1607
0.664944779367	100.0	0.605930	0.993513	37	FXGI	JEPE	708	1534
0.141836323887	92.0			36	AUIP	JEPE	710	
0.507726711693	100.0	0.351768	0.901489	3	AUIP	GIOY	711	1602
0.126697064944	77.0	0.027950	0.429669	2	TPEM	GIOY	713	1604
0.810843911357	100.0	0.660743	0.998511	33	IXVJ	JEPE	716	1536
2.78721531111	100.0	2.300340	1.000000	32	HUQC	JEPE	718	1537
3.66516528813	100.0	2.977532	1.000000	31	CFRN	JEPE	720	1538
0.133204378287	80.0	0.112723	0.538532	8	CFRN	KGJF	721	1539
2.72651530796	100.0	2.273150	1.000000	2	CFRN	EYKJ	722	1551
2.05734031664	100.0	1.884779	1.000000	6	JNKW	KGJF	725	1540
2.58135203175	100.0	2.506398	1.000000	2	JNKW	RFSD	726	1548
3.78653604596	100.0	3.301620	1.000000	4	DDRL	KGJF	729	1541
0.250210066971	100.0	0.200930	0.937744	3	FUPX	KGJF	731	1542
0.182212702462	100.0	0.183999	0.827281	2	KFZY	KGJF	733	1544
0.871968676252	100.0	0.609573	0.998527	23	BMSE	JEPE	736	1554
0.656733819758	100.0	0.517405	0.995486	9	BMSE	MHYG	737	1582
0.0148558730227	43.0	0.076024	0.554834	8	DUQG	MHYG	739	1583
4.05033195252	100.0	3.530208	1.000000	3	DUQG	GUMF	740	1593
0.0598800638189	82.0	0.028549	0.451307	2	OAGK	GUMF	742	1594
0.375648294297	100.0	0.300327	0.920557	5	DOVJ	MHYG	745	1584
4.15921471609	100.0	3.216751	1.000000	4	XRCX	MHYG	747	1585
0.354725325428	100.0	0.407091	0.998775	3	TEZA	MHYG	749	1586
2.21047689593	100.0	2.266834	1.000000	2	DESP	MHYG	751	1587
0.71719834674	100.0	0.431778	0.976972	14	AFQQ	JEPE	754	1555
2.16434734734	100.0	1.747850	1.000000	13	DUNJ	JEPE	756	1556
0.378597288152	100.0	0.419078	0.997615	12	UBLN	JEPE	758	1557
2.8548061218	100.0	2.591130	1.000000	11	BIDT	JEPE	760	1558
0.725777643161	100.0	0.696669	0.999998	10	AQZD	JEPE	762	1559
0.483158845564	100.0	0.470151	0.999447	2	AQZD	YRBQ	763	1575
0.193972447636	100.0	0.195434	0.872194	8	LYPZ	JEPE	766	1560
0.194970995951	100.0	0.124890	0.631950	3	LYPZ	UYED	767	1570
0.429698847375	100.0	0.447178	0.998920	2	JYMN	UYED	769	1571
1.70331910518	100.0	1.500161	1.000000	5	NVSO	JEPE	772	1561
0.110084469822	94.0	0.106971	0.665658	4	QXWF	JEPE	774	1562
0.230028261366	100.0	0.230583	0.908454	2	QXWF	HXCD	775	1566
0.0889514034647	82.0	0.059495	0.501660	2	ZCUA	JEPE	778	1563
1.323516397	100.0	0.525232	0.856910	127	GIPR	FUMQ	781	1649
0.221579487725	90.0	0.158645	0.591549	6	GIPR	SXML	782	1650
1.70030002753	100.0	1.153957	0.999974	2	GIPR	SZUO	783	1658
3.03969472672	100.0	2.395915	1.000000	4	QACK	SXML	786	1651
4.9768292665	100.0	4.060964	1.000000	3	DFYF	SXML	788	1653
0.113189268798	95.0	0.089221	0.627678	2	ASMV	SXML	790	1654
0.0636647663272	58.0	0.104380	0.534869	121	QZZU	FUMQ	793	1661
2.93372129868	100.0	1.644101	0.999988	120	AHRN	FUMQ	795	1663
0.132234145032	88.0	0.078959	0.505120	57	AHRN	DSUV	796	1789
3.24226555866	100.0	2.212400	1.000000	25	AHRN	DLAI	797	1790
4.10261098785	100.0	3.201200	1.000000	12	AHRN	NAUM	798	1791
1.64295103006	100.0	1.797727	1.000000	11	CPOC	NAUM	800	1792
2.25559520584	100.0	2.190548	1.000000	10	ALUC	NAUM	802	1793
1.20412997133	100.0	1.263761	1.000000	3	ALUC	ERWT	803	1807
0.766030058973	100.0	0.841872	1.000000	2	IZNU	ERWT	805	1808
1.53217619865	100.0	1.542423	1.000000	7	OQBM	NAUM	808	1794
0.146570355498	99.0	0.118432	0.708018	3	OQBM	NHAG	809	1802
0.787164003429	100.0	0.715668	1.000000	2	QSLH	NHAG	811	1803
0.105223855355	97.0	0.113587	0.725298	4	XQRV	NAUM	814	1795
2.30111610913	100.0	2.223130	1.000000	2	XQRV	VXKB	815	1799
0.234747173969	100.0	0.257900	0.968168	2	EMBR	NAUM	818	1796
4.43156548063	100.0	3.607690	1.000000	13	MKZR	DLAI	821	1814
1.06648102623	100.0	1.077677	1.000000	12	BOLZ	DLAI	823	1815
0.835812627056	100.0	0.949669	1.000000	3	BOLZ	LWCK	824	1833
3.13159037628	100.0	2.996676	1.000000	2	OSMU	LWCK	826	1834
0.551234345931	100.0	0.424023	0.997497	9	AIOU	DLAI	829	1816
2.52728490096	100.0	2.366822	1.000000	2	AIOU	JNVS	830	1830
1.60291243112	100.0	1.529349	1.000000	7	UGJI	DLAI	833	1817
0.75522259216	100.0	0.667054	0.999990	3	UGJI	LQJY	834	1818
0.693382053705	100.0	0.710033	0.999992	2	NMDZ	LQJY	836	1820
0.236090658547	100.0	0.230390	0.919526	4	GHLP	DLAI	839	1823
0.297328363656	100.0	0.263853	0.956714	2	GHLP	DLJZ	840	1827
4.1106327595	100.0	3.589510	1.000000	2	Solly_iTAGv2.3	DLAI	843	1824
0.236084227875	99.0	0.133932	0.583019	32	DKFZ	DSUV	846	1839
3.50961445316	100.0	2.563863	1.000000	15	DKFZ	ABEH	847	1840
0.74259679809	100.0	0.607420	0.997597	14	YQIJ	ABEH	849	1841
0.170452854066	99.0	0.196100	0.753564	13	EMAL	ABEH	851	1842
1.43779367761	100.0	1.368801	1.000000	3	EMAL	HANM	852	1862
3.12579008772	100.0	2.969165	1.000000	2	SMUR	HANM	854	1863
4.16685403617	100.0	3.487529	1.000000	10	DIHD	ABEH	857	1843
0.0956776088655	94.0	0.091546	0.633920	2	DIHD	XVRU	858	1844
0.982893642066	100.0	0.907189	1.000000	8	NIGS	ABEH	861	1847
0.646825678888	100.0	0.569609	0.999891	7	OEKO	ABEH	863	1848
0.3499211825	100.0	0.313707	0.981973	6	IDGE	ABEH	865	1849
2.10559378633	100.0	2.085462	1.000000	2	IDGE	OUER	866	1850
0.231346860577	100.0	0.173643	0.769185	4	MDJK	ABEH	869	1853
0.384433551249	100.0	0.342450	0.989945	3	JWEY	ABEH	871	1855
0.0282627289691	51.0			2	MZOB	ABEH	873	
3.96878586192	100.0	2.511962	1.000000	17	WQRD	DSUV	876	1869
3.60040937256	100.0	3.023222	1.000000	4	WQRD	PCNH	877	1870
2.53096742316	100.0	2.531784	1.000000	3	ZSGF	PCNH	879	1871
3.06027079469	100.0	3.102385	1.000000	2	KTWL	PCNH	881	1873
1.02166004657	100.0	0.791541	0.999685	13	HGSM	DSUV	884	1877
0.334444273842	100.0	0.290498	0.873692	3	HGSM	ECTD	885	1878
2.31696103147	100.0	2.172425	1.000000	2	KPUM	ECTD	887	1879
0.221042706572	100.0	0.110287	0.574313	10	GGJD	DSUV	890	1883
4.64021744273	100.0	3.182276	1.000000	9	UOYN	DSUV	892	1885
1.25779096994	100.0	1.167705	1.000000	2	UOYN	QEHE	893	1899
0.261877711451	100.0	0.211677	0.863517	7	MGVU	DSUV	896	1886
1.44029387502	100.0	1.303817	1.000000	6	EDEQ	DSUV	898	1887
0.625883259178	100.0	0.540261	0.999839	5	JGYZ	DSUV	900	1888
0.285870229302	100.0	0.274423	0.951809	4	JCLQ	DSUV	902	1889
5.50668563228	100.0	4.076406	1.000000	2	JCLQ	YFQX	903	1890
3.75633362452	100.0	3.523323	1.000000	2	YADI	DSUV	906	1893
4.71392274539	100.0	2.596714	1.000000	63	COBX	FUMQ	909	1664
0.147749658384	97.0	0.078856	0.488015	5	COBX	YZGX	910	1780
4.9547882212	100.0	3.538272	1.000000	4	MZLD	YZGX	912	1781
0.916715270195	100.0	0.915849	1.000000	3	TORX	YZGX	914	1782
0.487356053823	100.0	0.468690	0.987703	2	KTAR	YZGX	916	1783
3.09250894279	100.0	2.173732	1.000000	58	DCCI	FUMQ	919	1665
1.98100238583	100.0	1.396126	0.999998	3	DCCI	DTNC	920	1775
0.661233699043	100.0	0.624637	0.999442	2	RWKR	DTNC	922	1777
1.05417584903	100.0	0.542214	0.943338	55	CLRW	FUMQ	925	1666
0.673333632275	100.0	0.318023	0.772260	6	CLRW	YKZB	926	1764
1.77501246388	100.0	1.293078	0.999986	5	YRHD	YKZB	928	1765
3.95357200834	100.0	3.614260	1.000000	2	YRHD	XISJ	929	1771
2.20417255167	100.0	2.051213	1.000000	3	GNRI	YKZB	932	1766
3.26887951909	100.0	3.135467	1.000000	2	PTBJ	YKZB	934	1768
1.86699686357	100.0	0.859650	0.989731	49	GDZS	FUMQ	937	1667
0.026179781103	34.0			6	GDZS	XRLM	938	
2.10414075137	100.0	1.586802	0.999999	5	EJBY	XRLM	940	1755
2.71750191917	100.0	2.531833	1.000000	4	XXYA	XRLM	942	1756
3.87120101091	100.0	3.486225	1.000000	2	XXYA	SIBR	943	1760
3.28653447334	100.0	3.120836	1.000000	2	GRFT	XRLM	946	1757
0.640967268861	100.0	0.485845	0.906439	43	WOHL	FUMQ	949	1669
1.97013158122	100.0	2.010815	1.000000	2	WOHL	EDXZ	950	1738
0.285169044985	92.0			41	ZRIN	FUMQ	953	
0.031951622813	44.0			8	ZRIN	WEAC	954	
0.161884205941	68.0	0.019649	0.426379	7	HRUR	WEAC	956	1741
2.70179015471	100.0	1.857797	1.000000	3	HRUR	JCMU	957	1749
5.11764427403	100.0	3.677312	1.000000	2	MXFG	JCMU	959	1751
4.54780711393	100.0	3.272599	1.000000	4	PCGJ	WEAC	962	1742
3.06339092203	100.0	2.823739	1.000000	3	AYIY	WEAC	964	1744
0.112485353452	98.0	0.127311	0.755596	2	NBMW	WEAC	966	1746
0.197738001866	79.0	0.000000	0.385017	33	GCFE	FUMQ	969	1671
0.888782047314	100.0	0.229176	0.688442	6	GCFE	XAYK	970	1725
5.04142934767	100.0	3.619575	1.000000	3	GCFE	MQIV	971	1726
2.72252438551	100.0	2.547019	1.000000	2	PSHB	MQIV	973	1727
4.42388427617	100.0	3.157331	1.000000	3	TKEK	XAYK	976	1731
0.236738259497	100.0	0.219542	0.934696	2	UTQR	XAYK	978	1732
1.19938189127	100.0	0.415788	0.839264	27	Mimgu_v2.0	FUMQ	981	1672
0.31675091382	97.0	0.100218	0.532387	7	Mimgu_v2.0	FROP	982	1712
0.538711076541	100.0	0.379381	0.874349	6	UMUL	FROP	984	1713
2.67443730921	100.0	1.973113	1.000000	5	OWAS	FROP	986	1714
0.585228849896	100.0	0.496767	0.992777	4	EJCM	FROP	988	1715
1.60377354381	100.0	1.487284	1.000000	3	VYDM	FROP	990	1717
3.0996864964	100.0	2.863377	1.000000	2	FAMO	FROP	992	1718
4.13207089977	100.0	2.200090	1.000000	20	DMLT	FUMQ	995	1673
0.637634525463	100.0	0.373096	0.936808	9	DMLT	RTNA	996	1674
1.11929122617	100.0	0.860226	0.999934	8	ATYL	RTNA	998	1675
0.132938617611	88.0	0.103085	0.577057	4	ATYL	SNNC	999	1676
1.78153559092	100.0	1.545150	1.000000	3	GETL	SNNC	1001	1677
3.39653165852	100.0	3.061456	1.000000	2	EAAA	SNNC	1003	1679
1.89568505425	100.0	1.439229	1.000000	4	UCNM	RTNA	1006	1683
0.0745321420506	49.0	0.162391	0.777256	2	UCNM	LRRR	1007	1684
4.47097884364	100.0	3.739278	1.000000	2	GNPX	RTNA	1010	1687
4.5404032475	100.0	2.973619	1.000000	11	BAHE	FUMQ	1013	1691
0.746720996879	100.0	0.690472	0.999818	2	BAHE	FYUH	1014	1709
1.98329975587	100.0	1.627706	1.000000	9	TAGM	FUMQ	1017	1692
1.02281787347	100.0	0.950975	0.999999	3	TAGM	EQDA	1018	1704
1.45241810779	100.0	1.399773	1.000000	2	FDMM	EQDA	1020	1706
0.615027588489	100.0	0.710205	0.999793	6	IYDF	FUMQ	1023	1693
2.86342662397	100.0	2.437849	1.000000	3	IYDF	XMBA	1024	1699
2.11360231822	100.0	1.761175	1.000000	2	WHNV	XMBA	1026	1700
0.0209565650636	47.0	0.000000	0.363747	3	PHCE	FUMQ	1029	1694
1.62588965366	100.0	1.555654	1.000000	2	PUCW	FUMQ	1031	1696
0.230550941028	82.0	0.000000	0.399042	661	XMQO	CBNG	1034	146
0.0772144764844	51.0	0.000000	0.358527	2	XMQO	EHNF	1035	1464
3.63993408887	100.0	1.547676	0.998802	659	IWMW	CBNG	1038	147
0.156347765986	60.0	0.190342	0.606186	2	IWMW	SWOH	1039	1461
0.923871088282	100.0	0.284959	0.693733	657	AALA	CBNG	1042	148
0.2899331293	94.0	0.085556	0.515318	7	AALA	SIIK	1043	1448
0.931896747466	100.0	0.607901	0.979916	6	FAKD	SIIK	1045	1449
4.36290559323	100.0	3.850535	1.000000	2	FAKD	Nelnu_v1.0	1046	1457
0.689668737304	100.0	0.517150	0.990184	4	VQFW	SIIK	1049	1450
5.06259503303	100.0	3.905498	1.000000	3	GRRW	SIIK	1051	1451
2.0264760061	100.0	2.324187	1.000000	2	RQUG	SIIK	1053	1452
0.517985549844	100.0	0.134897	0.557349	650	QTJY	CBNG	1056	149
2.87810139413	100.0	1.524374	0.999503	21	QTJY	QCOU	1057	1407
0.352064670932	100.0	0.344505	0.898405	20	CCID	QCOU	1059	1408
0.650147520179	100.0	0.370643	0.931826	8	CCID	Aquco_v1.1	1060	1432
1.90305740159	100.0	1.428985	1.000000	7	WFBF	Aquco_v1.1	1062	1433
2.42154821857	100.0	2.179122	1.000000	2	WFBF	YHFG	1063	1443
2.1776599338	100.0	1.908538	1.000000	5	VGHH	Aquco_v1.1	1066	1434
1.62082575567	100.0	1.831812	1.000000	4	UPOG	Aquco_v1.1	1068	1435
3.78721535483	100.0	3.708755	1.000000	2	UPOG	ZUHO	1069	1436
3.9920657131	100.0	3.592537	1.000000	2	GBVZ	Aquco_v1.1	1072	1439
3.50690071148	100.0	2.493444	1.000000	12	NMGG	QCOU	1075	1409
1.65412174226	100.0	1.552108	1.000000	4	NMGG	UDHA	1076	1410
4.49515513982	100.0	3.489214	1.000000	3	AUGV	UDHA	1078	1411
0.155163338142	99.0	0.163954	0.810070	2	ZGQD	UDHA	1080	1413
2.59207177594	100.0	2.178125	1.000000	8	EVOD	QCOU	1083	1417
0.252406465248	100.0	0.240837	0.882802	7	XHKT	QCOU	1085	1418
0.808785228307	100.0	0.696034	0.999985	2	XHKT	XMVD	1086	1428
2.64262625442	100.0	2.491123	1.000000	5	IRAF	QCOU	1089	1419
4.4223779302	100.0	4.032433	1.000000	4	SSDU	QCOU	1091	1421
0.0554998787185	78.0	0.050112	0.521324	3	BEKN	QCOU	1093	1422
0.860067084423	100.0	0.937312	1.000000	2	RQNK	QCOU	1095	1423
1.71204865123	100.0	0.664632	0.877994	629	NPND	CBNG	1098	150
0.395866986314	83.0	0.000000	0.410691	628	WZFE	CBNG	1100	151
0.155836317205	70.0			27	WZFE	BCGB	1101	
4.38827385426	100.0	3.126934	1.000000	2	WZFE	OSHQ	1102	1403
1.04418827445	100.0	0.648940	0.921695	25	SJEV	BCGB	1105	1354
0.715129707656	100.0	0.246800	0.714761	8	SJEV	XSZI	1106	1388
2.8539328814	100.0	2.085775	1.000000	2	SJEV	WKSU	1107	1400
2.60434959288	100.0	2.150689	1.000000	6	PAWA	XSZI	1110	1389
0.298982918935	100.0	0.241826	0.857633	2	PAWA	QDVW	1111	1397
4.28975853184	100.0	3.397180	1.000000	4	CSSK	XSZI	1114	1390
1.50358344764	100.0	1.508160	1.000000	2	CSSK	OPDF	1115	1394
3.34403896782	100.0	3.175911	1.000000	2	MUNP	XSZI	1118	1391
2.54298284075	100.0	1.123444	0.999261	17	OBPL	BCGB	1121	1355
4.71846771693	100.0	2.921645	1.000000	6	OBPL	YZRI	1122	1356
0.766639094395	100.0	0.736420	0.999993	5	WBOD	YZRI	1124	1357
4.72147459289	100.0	3.899062	1.000000	2	WBOD	XQWC	1125	1358
0.647434053827	100.0	0.616598	0.999940	3	DHPO	YZRI	1128	1361
3.87120480154	100.0	3.609519	1.000000	2	PSJT	YZRI	1130	1362
4.25951355738	100.0	2.453803	1.000000	11	FALI	BCGB	1133	1367
3.73531915602	100.0	3.295313	1.000000	2	FALI	WPHN	1134	1385
0.793521568	100.0	0.586614	0.996804	9	MAQO	BCGB	1137	1368
3.20969903185	100.0	2.575374	1.000000	2	MAQO	WAIL	1138	1382
0.412356117893	100.0	0.270460	0.809676	7	BSVG	BCGB	1141	1369
0.0296122330961	13.0	0.067828	0.498960	6	KRJP	BCGB	1143	1370
1.37934505573	100.0	1.038332	0.999998	5	VYLQ	BCGB	1145	1371
4.01103699607	100.0	3.178352	1.000000	4	WIGA	BCGB	1147	1373
0.295980875266	99.0	0.262306	0.796510	3	KAYP	BCGB	1149	1374
0.223109664765	96.0	0.190870	0.697180	2	ABSS	BCGB	1151	1375
0.203927900576	93.0			601	MTII	CBNG	1154	
2.06869602211	100.0	1.252507	0.997993	108	MTII	RCUX	1155	1139
1.60999606832	100.0	0.693450	0.962231	107	DWZT	RCUX	1157	1140
1.38379231278	100.0	0.806197	0.976555	6	DWZT	YMES	1158	1342
1.03018905082	100.0	0.489692	0.867078	3	DWZT	BYQM	1159	1348
1.67269259479	100.0	1.074644	0.997163	2	COCP	BYQM	1161	1350
3.77005313111	100.0	2.676629	1.000000	3	Spipo_v2	YMES	1164	1343
3.17895737071	100.0	2.885473	1.000000	2	MFIN	YMES	1166	1344
3.99673265286	100.0	1.647634	0.999823	101	OCWZ	RCUX	1169	1141
0.982389735739	100.0	0.461944	0.862512	6	OCWZ	VVVV	1170	1331
2.45396341415	100.0	1.525000	0.999999	5	QOXT	VVVV	1172	1332
5.18328055656	100.0	3.708851	1.000000	2	QOXT	SILJ	1173	1338
0.953085002699	100.0	0.879634	0.999931	3	VBHQ	VVVV	1176	1333
0.632121896169	100.0	0.659935	0.999770	2	DGXS	VVVV	1178	1335
0.650593157749	100.0	0.076973	0.498238	95	NSPR	RCUX	1181	1142
2.82981681796	100.0	1.398994	0.998485	42	NSPR	ZENX	1182	1248
0.122886106856	75.0	0.041953	0.452108	12	NSPR	TZNS	1183	1308
3.96412899601	100.0	3.083586	1.000000	4	NSPR	HXJE	1184	1309
0.0293071756715	26.0	0.080874	0.527333	3	Elagu_v2.0	HXJE	1186	1310
0.596953538435	100.0	0.517131	0.994939	2	HWUP	HXJE	1188	1311
4.61425572177	100.0	3.232373	1.000000	8	Musac_v1.0	TZNS	1191	1316
0.331178832497	100.0	0.171230	0.761519	4	Musac_v1.0	LSKK	1192	1324
0.127978884009	97.0	0.093856	0.597207	3	XHHU	LSKK	1194	1325
0.336042925002	100.0	0.276446	0.926943	2	UOEL	LSKK	1196	1326
0.738162117298	100.0	0.594915	0.999361	4	LEMW	TZNS	1199	1317
5.316976223	100.0	3.607565	1.000000	2	LEMW	BDJQ	1200	1318
0.784671599374	100.0	0.824990	0.999995	2	JNUB	TZNS	1203	1321
2.9415845594	100.0	1.857339	0.999999	30	BYPY	ZENX	1206	1249
0.171977239829	97.0			3	BYPY	BRUD	1207	
4.24793895249	100.0	3.476943	1.000000	2	PPQR	BRUD	1209	1305
1.73500452228	100.0	1.350490	0.999994	27	CIEA	ZENX	1212	1251
3.6335524248	100.0	3.087661	1.000000	4	CIEA	WBIB	1213	1297
1.61598140385	100.0	1.592713	1.000000	3	XPAF	WBIB	1215	1298
0.385241830141	100.0	0.337513	0.976613	2	PWSG	WBIB	1217	1299
1.99011034976	100.0	1.832149	1.000000	23	BSTR	ZENX	1220	1252
1.87085577238	100.0	1.912376	1.000000	22	WXNT	ZENX	1222	1253
3.2825545113	100.0	2.885106	1.000000	21	Orysa_v7.0	ZENX	1224	1254
0.158288190033	100.0	0.189446	0.755043	3	Orysa_v7.0	RMVB	1225	1255
2.70739745956	100.0	2.614452	1.000000	2	IADP	RMVB	1227	1256
1.79776259266	100.0	1.399263	1.000000	18	HATH	ZENX	1230	1260
0.164019897158	100.0	0.158519	0.725258	17	YXNR	ZENX	1232	1261
2.29298260511	100.0	2.085609	1.000000	4	YXNR	YLWW	1233	1287
0.909173881586	100.0	0.876193	0.999997	2	YXNR	EFCZ	1234	1291
3.01845442888	100.0	2.680770	1.000000	2	RCAH	YLWW	1237	1288
2.22133574667	100.0	1.858467	1.000000	13	YPIC	ZENX	1240	1262
3.55103958089	100.0	2.860523	1.000000	3	YPIC	Sorbi_v2.1	1241	1263
0.149707056346	99.0	0.133460	0.689608	2	ROEI	Sorbi_v2.1	1243	1264
1.09843009953	100.0	0.957823	0.999998	10	SOHV	ZENX	1246	1268
1.68220033464	100.0	1.449358	1.000000	9	WCOR	ZENX	1248	1269
2.24803672327	100.0	2.174550	1.000000	2	WCOR	XBKS	1249	1283
1.38616068468	100.0	1.255241	1.000000	7	ZMGN	ZENX	1252	1270
0.152551407791	100.0	0.107752	0.649631	2	ZMGN	BPKH	1253	1271
0.252442164846	100.0	0.249871	0.916523	5	NNOK	ZENX	1256	1274
0.0666460616059	80.0	0.069565	0.546222	4	BXAY	ZENX	1258	1275
0.215337984026	100.0	0.207392	0.873489	3	XUAB	ZENX	1260	1276
0.853240788854	100.0	0.787673	0.999997	2	VQYB	ZENX	1262	1277
0.61365617236	100.0	0.072126	0.506784	53	AFLV	RCUX	1265	1143
3.99100476129	100.0	1.870339	0.999997	7	AFLV	NHIX	1266	1144
2.40220148328	100.0	2.207814	1.000000	2	AFLV	OOSO	1267	1145
0.282908001855	100.0	0.101991	0.543271	5	MWYQ	NHIX	1270	1148
0.0310376039858	45.0	0.094464	0.527246	2	MWYQ	THEW	1271	1149
4.48488402011	100.0	3.244355	1.000000	3	GDKK	NHIX	1274	1152
3.18910366653	100.0	2.809568	1.000000	2	QNPH	NHIX	1276	1153
1.04707521678	100.0	0.372357	0.771058	46	THDM	RCUX	1279	1157
5.19961180008	100.0	2.951504	1.000000	7	THDM	VTUS	1280	1235
1.16413721436	100.0	1.170660	0.999997	6	JSAG	VTUS	1282	1236
1.16383237952	100.0	1.146539	0.999774	2	JSAG	CNTZ	1283	1244
1.65131631826	100.0	1.623060	1.000000	4	MTHW	VTUS	1286	1237
0.139424125825	100.0	0.148898	0.747138	3	XZME	VTUS	1288	1238
4.69278925443	100.0	3.375605	1.000000	2	LELS	VTUS	1290	1239
1.5152194836	100.0	0.658138	0.956541	39	EMJJ	RCUX	1293	1158
0.329655748142	100.0	0.127233	0.582110	2	EMJJ	YJUG	1294	1232
1.07122349982	100.0	0.813700	0.993611	37	KYNE	RCUX	1297	1159
3.94645521792	100.0	2.850153	1.000000	2	KYNE	RDYY	1298	1229
0.754027459381	100.0	0.612063	0.977501	35	LTZF	RCUX	1301	1160
1.21539776513	100.0	0.897102	0.999346	34	SART	RCUX	1303	1161
1.60487950143	100.0	1.033125	0.999570	33	JVBR	RCUX	1305	1162
2.3211407759	100.0	1.406617	0.999997	5	JVBR	JHUL	1306	1218
2.93374071419	100.0	2.561956	1.000000	4	FCEL	JHUL	1308	1219
0.209611291927	100.0	0.226760	0.880187	3	WTDE	JHUL	1310	1221
3.56859699939	100.0	3.243785	1.000000	2	BLAJ	JHUL	1312	1222
1.87041200895	100.0	0.999266	0.997224	28	PRFO	RCUX	1315	1163
1.30894573191	100.0	0.740631	0.987401	9	PRFO	DPFW	1316	1201
0.361338760815	100.0	0.235898	0.739587	8	GJPF	DPFW	1318	1202
3.29080919359	100.0	3.131315	1.000000	2	GJPF	KBXS	1319	1214
3.04338666104	100.0	2.442362	1.000000	6	TRRQ	DPFW	1322	1203
1.30773652144	100.0	1.354700	1.000000	5	DMIN	DPFW	1324	1204
1.37110736485	100.0	1.254767	0.999999	2	DMIN	ZKPF	1325	1205
1.15196970196	100.0	1.022596	0.999990	3	LDME	DPFW	1328	1208
0.108901235163	79.0	0.109650	0.570327	2	JDTY	DPFW	1330	1209
1.0918554027	100.0	0.596348	0.951956	19	IXEM	RCUX	1333	1164
0.500269380828	100.0	0.153598	0.625828	8	IXEM	YBML	1334	1186
1.26953576385	100.0	1.034488	0.999881	3	IXEM	KOFB	1335	1187
0.753817629149	100.0	0.713215	0.998991	2	SVTS	KOFB	1337	1188
4.08845816788	100.0	3.054619	1.000000	5	PLBZ	YBML	1340	1192
0.0560674272642	76.0	0.019765	0.417778	2	PLBZ	CMCY	1341	1198
0.0689229000719	81.0	0.068498	0.535483	3	KXSK	YBML	1344	1193
0.955312757979	100.0	1.059446	1.000000	2	ICNN	YBML	1346	1195
0.537161444451	100.0	0.221470	0.727471	11	MUMD	RCUX	1349	1165
0.0826889947536	60.0	0.073243	0.503872	10	FGRF	RCUX	1351	1166
1.40028853415	100.0	0.952618	0.999823	9	ONBE	RCUX	1353	1167
3.33296004248	100.0	2.587169	1.000000	8	MVRF	RCUX	1355	1168
0.15403123015	99.0	0.149214	0.746801	7	LSJW	RCUX	1357	1169
0.0883539535792	85.0	0.068108	0.530845	6	TCYS	RCUX	1359	1170
0.152828244486	99.0	0.127754	0.675087	5	RQZP	RCUX	1361	1171
1.32141044469	100.0	1.386919	1.000000	2	RQZP	HOKG	1362	1177
0.144210116508	98.0	0.136697	0.702484	3	UZXL	RCUX	1365	1172
1.58445484076	100.0	1.445883	1.000000	2	XFJG	RCUX	1367	1174
2.42147773078	100.0	0.991186	0.972133	493	FZJL	CBNG	1370	153
4.50274645907	100.0	2.128363	1.000000	3	FZJL	NWMY	1371	1133
2.88211484761	100.0	2.776631	1.000000	2	VZCI	NWMY	1373	1134
0.799925164872	100.0	0.322755	0.737798	490	PZRT	CBNG	1376	154
4.12631850203	100.0	2.331136	1.000000	2	PZRT	WTKZ	1377	1130
0.388117034186	100.0	0.260574	0.691590	488	URDJ	CBNG	1380	155
5.48341285022	100.0	3.187880	1.000000	2	URDJ	Ambtr_v1.0.27	1381	1127
4.60910717927	100.0	2.229965	0.999999	486	SGTW	CBNG	1384	156
2.25968878757	100.0	1.468962	0.999700	82	SGTW	BUWV	1385	964
0.965536698987	100.0	0.815827	0.999396	5	SGTW	KAWQ	1386	1118
3.04070991635	100.0	2.587015	1.000000	4	XZUY	KAWQ	1388	1119
2.75924248029	100.0	2.553146	1.000000	3	WLIC	KAWQ	1390	1120
0.339862907468	100.0	0.320143	0.968433	2	GNQG	KAWQ	1392	1122
0.533408151295	100.0	0.431025	0.932873	77	VDAO	BUWV	1395	965
3.21696584256	100.0	1.995102	0.999999	3	VDAO	GTHK	1396	1113
0.691828953801	100.0	0.789632	0.996280	2	TOXE	GTHK	1398	1114
0.305468280649	100.0	0.272881	0.753653	74	GGEA	BUWV	1401	966
4.49451003325	100.0	3.349134	1.000000	15	GGEA	MFTM	1402	967
0.676844892403	100.0	0.582054	0.998427	6	GGEA	AREG	1403	985
1.05625195066	100.0	0.967761	0.999999	5	VSRH	AREG	1405	986
0.692306654661	100.0	0.709704	0.999987	2	VSRH	JUWL	1406	987
0.0737775813453	83.0	0.054335	0.501251	3	AQFM	AREG	1409	990
3.23121246027	100.0	2.774451	1.000000	2	GAMH	AREG	1411	991
0.325976915209	100.0	0.282276	0.920720	9	WVWN	MFTM	1414	968
3.08312403097	100.0	2.441365	1.000000	2	WVWN	IOVS	1415	982
0.425581096926	100.0	0.442071	0.983148	7	NPRL	MFTM	1418	969
0.148144205099	98.0	0.028074	0.407329	6	AWQB	MFTM	1420	970
2.87145242922	100.0	2.600474	1.000000	5	IIOL	MFTM	1422	971
1.60753214749	100.0	1.846132	1.000000	4	Pinta_v2.0	MFTM	1424	973
0.282815882801	99.0	0.256366	0.765326	3	DZQM	MFTM	1426	974
0.338430716976	100.0	0.383721	0.998912	2	JBND	MFTM	1428	975
4.08271368194	100.0	2.858348	1.000000	59	XTZO	BUWV	1431	996
1.08055234087	100.0	1.004400	0.999998	23	XTZO	VGSX	1432	1068
4.20581686357	100.0	3.704160	1.000000	4	XTZO	ACWS	1433	1106
0.888455932881	100.0	0.980050	1.000000	3	RSCE	ACWS	1435	1107
2.75330219778	100.0	2.606893	1.000000	2	MIXZ	ACWS	1437	1109
4.66881257739	100.0	3.622230	1.000000	19	EGLZ	VGSX	1440	1069
0.690296420967	100.0	0.618584	0.998943	8	EGLZ	CDFR	1441	1091
3.2254476173	100.0	2.623483	1.000000	2	EGLZ	KLGF	1442	1103
0.108793006902	87.0	0.096602	0.582490	6	OWFC	CDFR	1445	1092
0.00127098033055	35.0	0.005580	0.382745	5	JRNA	CDFR	1447	1094
0.225391693043	100.0	0.211973	0.844095	2	JRNA	BBDD	1448	1100
0.775130157995	100.0	0.578705	0.999024	3	JZVE	CDFR	1451	1095
0.999518532485	100.0	0.791360	0.999997	2	ZQWM	CDFR	1453	1096
1.22024337898	100.0	1.092155	1.000000	11	QCGM	VGSX	1456	1070
0.335208190066	100.0	0.298852	0.954246	10	MHGD	VGSX	1458	1071
1.08110939427	100.0	0.929570	1.000000	9	HILW	VGSX	1460	1073
1.28366562219	100.0	1.139718	1.000000	8	FMWZ	VGSX	1462	1074
0.985117353086	100.0	0.836093	0.999998	4	FMWZ	QHBI	1463	1075
2.1968463242	100.0	2.207828	1.000000	3	IZGN	QHBI	1465	1077
2.06534691191	100.0	2.020528	1.000000	2	ROWR	QHBI	1467	1079
1.79058178335	100.0	1.582362	1.000000	4	SCEB	VGSX	1470	1082
1.07265375783	100.0	0.943215	1.000000	2	SCEB	XLGK	1471	1083
0.99357858521	100.0	0.904930	1.000000	2	UUJS	VGSX	1474	1086
0.957167756296	100.0	0.764689	0.999890	36	YFZK	BUWV	1477	997
2.86430603713	100.0	2.637540	1.000000	35	IAJW	BUWV	1479	998
1.52902924288	100.0	1.430570	1.000000	8	IAJW	WWSS	1480	1052
2.29010398826	100.0	2.139423	1.000000	3	IAJW	HQOM	1481	1062
3.37477417891	100.0	3.158754	1.000000	2	EFMS	HQOM	1483	1064
0.036152945604	60.0	0.019809	0.412452	5	NVGZ	WWSS	1486	1053
2.95311701189	100.0	3.150760	1.000000	4	BTTS	WWSS	1488	1054
3.09440380106	100.0	3.084539	1.000000	2	BTTS	YLPM	1489	1055
3.87466721888	100.0	3.252882	1.000000	2	ZYAX	WWSS	1492	1058
4.11423520427	100.0	3.141873	1.000000	27	ZQVF	BUWV	1495	999
0.625374713352	100.0	0.496278	0.998676	26	QSNJ	BUWV	1497	1000
0.955158317146	100.0	0.719588	0.999885	25	XIRK	BUWV	1499	1001
0.0730061527097	84.0	0.146262	0.697212	4	XIRK	HBGV	1500	1043
1.81762085915	100.0	1.771687	1.000000	3	NRXL	HBGV	1502	1045
0.27041285917	100.0	0.129661	0.638308	2	QFAE	HBGV	1504	1046
1.73702918358	100.0	1.277749	1.000000	21	GMHZ	BUWV	1507	1002
2.52366060562	100.0	2.195932	1.000000	3	GMHZ	FHST	1508	1038
1.10400933762	100.0	1.099236	1.000000	2	OXGJ	FHST	1510	1039
1.76400725213	100.0	1.677673	1.000000	18	ETCJ	BUWV	1513	1003
4.28590191682	100.0	3.280856	1.000000	8	ETCJ	JDQB	1514	1023
0.118344538068	97.0	0.109257	0.634486	3	ETCJ	OVIJ	1515	1033
0.369378118233	100.0	0.325268	0.979394	2	YYPE	OVIJ	1517	1034
0.877632451555	100.0	0.787518	0.999998	5	AUDE	JDQB	1520	1024
0.863265618353	100.0	0.900884	1.000000	2	AUDE	GKCZ	1521	1030
3.41299097098	100.0	3.018372	1.000000	3	IFLI	JDQB	1524	1025
0.129537380871	99.0	0.090646	0.603967	2	RMMV	JDQB	1526	1027
0.993354897628	100.0	0.899685	0.999997	10	VFYZ	BUWV	1529	1004
2.62221552057	100.0	2.361723	1.000000	2	VFYZ	NKIN	1530	1020
0.244136822585	100.0	0.173264	0.761400	8	UEVI	BUWV	1533	1005
2.41381410511	100.0	2.261468	1.000000	2	UEVI	AIGO	1534	1017
2.52145048463	100.0	2.136071	1.000000	6	XMGP	BUWV	1537	1006
2.07912207609	100.0	1.985241	1.000000	2	XMGP	QNGJ	1538	1007
0.0878405102954	91.0	0.109867	0.654804	4	FRPM	BUWV	1541	1010
0.125331797477	98.0	0.138045	0.745214	3	CGDN	BUWV	1543	1011
1.4996677375	100.0	1.350355	1.000000	2	XQSG	BUWV	1545	1012
4.3143670849	100.0	1.620052	0.999281	404	JVSZ	CBNG	1548	157
2.36656212234	100.0	1.071222	0.981301	73	JVSZ	AFPO	1549	819
4.34380542185	100.0	3.030960	1.000000	2	JVSZ	CAPN	1550	961
0.718839823005	100.0	0.401024	0.868225	71	DFHO	AFPO	1553	820
0.118979304403	25.0			8	DFHO	BEGM	1554	
4.70911002114	100.0	2.998342	1.000000	3	DFHO	NHCM	1555	947
2.79829707895	100.0	2.426219	1.000000	2	UGNK	NHCM	1557	948
1.75272163927	100.0	1.542547	0.999994	5	QVMR	BEGM	1560	952
4.1653723988	100.0	3.127208	1.000000	2	QVMR	ALVQ	1561	958
2.01785600255	100.0	1.922912	1.000000	3	DJSE	BEGM	1564	953
2.66469083966	100.0	2.487637	1.000000	2	EEAQ	BEGM	1566	954
2.4785455208	100.0	2.013576	1.000000	63	RFMZ	AFPO	1569	822
5.01284290258	100.0	3.240483	1.000000	3	RFMZ	VIBO	1570	942
0.818310323514	100.0	0.884673	1.000000	2	UOMY	VIBO	1572	943
2.43458509565	100.0	1.901308	1.000000	60	MEKP	AFPO	1575	823
0.251639711763	100.0	0.125844	0.539373	2	MEKP	QIAD	1576	939
1.58773025573	100.0	1.341951	0.999953	58	PBUU	AFPO	1579	824
1.43327389056	100.0	1.174325	0.999952	2	PBUU	CQPW	1580	936
2.45595940809	100.0	1.736427	0.999999	56	CVEG	AFPO	1583	825
0.987268157687	100.0	0.728306	0.996673	2	CVEG	KIIX	1584	933
0.273404799887	100.0	0.182692	0.658629	54	GANB	AFPO	1587	826
1.49005460948	100.0	1.029026	0.999690	4	GANB	PNZO	1588	926
0.0946712060011	76.0	0.130355	0.622362	3	EWXK	PNZO	1590	927
1.95312873309	100.0	1.863099	1.000000	2	UWOD	PNZO	1592	928
2.79488109392	100.0	1.853984	1.000000	50	VVRN	AFPO	1595	827
0.384273206461	100.0	0.277510	0.817828	3	VVRN	NOKI	1596	921
4.18482182603	100.0	3.462053	1.000000	2	YIXP	NOKI	1598	922
1.65446597676	100.0	1.067826	0.999781	47	PIVW	AFPO	1601	828
3.82965095277	100.0	2.505337	1.000000	14	PIVW	DCDT	1602	894
0.247186352677	100.0	0.190496	0.688947	4	PIVW	POPJ	1603	895
2.07099801065	100.0	1.785575	1.000000	3	UJTT	POPJ	1605	896
0.514995186944	100.0	0.453756	0.986581	2	FLTD	POPJ	1607	898
0.229679087069	100.0	0.142314	0.624765	10	WQML	DCDT	1610	902
1.19890541655	100.0	0.751614	0.998098	9	NDUV	DCDT	1612	903
0.510444465742	100.0	0.310192	0.858602	4	NDUV	WCLG	1613	913
5.34613242408	100.0	3.436724	1.000000	2	NDUV	SKYV	1614	917
0.618115956823	100.0	0.507825	0.983016	2	BMJR	WCLG	1617	914
2.3372027339	100.0	1.837374	1.000000	5	XDDT	DCDT	1620	904
0.886841233533	100.0	0.901767	0.999965	2	XDDT	GSXD	1621	910
1.0985209462	100.0	0.931416	0.999967	3	YCKE	DCDT	1624	905
1.40955517299	100.0	1.291695	1.000000	2	ZXJO	DCDT	1626	906
0.333682502891	100.0	0.277564	0.792717	33	MTGC	AFPO	1629	829
3.37871377703	100.0	1.979012	1.000000	32	WGTU	AFPO	1631	830
1.0880779872	100.0	0.644722	0.968950	13	WGTU	IXLH	1632	868
0.113854245094	73.0	0.003802	0.406861	2	WGTU	RFRB	1633	869
0.334563165947	100.0	0.125391	0.573923	11	FQGQ	IXLH	1636	872
0.451617356466	100.0	0.252580	0.753785	2	FQGQ	JBLI	1637	890
1.3997579461	100.0	0.852891	0.996514	9	NWWI	IXLH	1640	873
1.65728160254	100.0	1.220850	0.999989	8	OQWW	IXLH	1642	874
1.92337557435	100.0	1.734110	1.000000	7	ORJE	IXLH	1644	875
0.42730516937	100.0	0.434235	0.977654	6	UJWU	IXLH	1646	876
0.224745019352	100.0	0.097540	0.567328	5	ZQYU	IXLH	1648	877
1.73133766452	100.0	1.663769	1.000000	4	YLJA	IXLH	1650	878
0.284249870568	100.0	0.283330	0.932353	3	GYFU	IXLH	1652	879
0.0546150900242	68.0	0.040717	0.447806	2	CJNT	IXLH	1654	880
0.508491725792	100.0	0.237547	0.699778	19	KJZG	AFPO	1657	831
3.95084790612	100.0	2.982825	1.000000	3	KJZG	PSKY	1658	863
1.59150021175	100.0	1.575262	1.000000	2	BMIF	PSKY	1660	865
0.605149384672	100.0	0.418344	0.885941	16	HEGQ	AFPO	1663	832
2.56895120494	100.0	1.601722	1.000000	6	HEGQ	XXHP	1664	852
3.04954995824	100.0	2.527532	1.000000	5	HNDZ	XXHP	1666	853
0.394600360527	100.0	0.395433	0.987163	4	LHLE	XXHP	1668	854
0.467372959903	100.0	0.471033	0.996365	2	LHLE	RICC	1669	858
1.45050361543	100.0	1.218935	1.000000	2	YOWV	XXHP	1672	855
0.0791445478988	64.0	0.025317	0.429222	10	OCZL	AFPO	1675	833
0.234164504215	96.0	0.171352	0.641997	9	MROH	AFPO	1677	834
0.180318840436	84.0	0.087155	0.506756	8	YQEC	AFPO	1679	835
2.24368665036	100.0	1.701868	1.000000	2	YQEC	YJJY	1680	847
0.428078330429	100.0	0.171805	0.651197	6	HTFH	AFPO	1683	836
0.152954927139	89.0	0.105781	0.546336	2	HTFH	VITX	1684	844
0.0858009993673	62.0	0.083597	0.508430	4	FCHS	AFPO	1687	837
0.686000703892	100.0	0.514078	0.965201	3	UFJN	AFPO	1689	838
3.13777538309	100.0	2.373056	1.000000	2	URCP	AFPO	1691	839
1.92775642438	100.0	0.657378	0.877716	331	ZZEI	CBNG	1694	158
1.64568066546	100.0	0.469953	0.803270	22	ZZEI	ZZOL	1695	776
4.04160244793	100.0	2.638245	1.000000	11	ZZEI	ENQF	1696	777
2.21464120592	100.0	1.817905	1.000000	5	ZZEI	GKAG	1697	789
0.737537409087	100.0	0.960162	0.999997	4	CBAE	GKAG	1699	790
2.90588294608	100.0	2.722490	1.000000	2	CBAE	GAON	1700	791
1.83210159016	100.0	1.762563	1.000000	2	YHZW	GKAG	1703	794
0.328871956847	100.0	0.377269	0.929694	6	UPMJ	ENQF	1706	778
3.68257987139	100.0	2.843991	1.000000	2	UPMJ	ULKT	1707	786
2.35807044339	100.0	2.152899	1.000000	4	PQTO	ENQF	1710	779
0.206761019997	100.0	0.166437	0.706218	2	PQTO	XNXF	1711	783
0.291709963657	100.0	0.282431	0.921202	2	WAFT	ENQF	1714	780
0.799274931349	100.0	0.712122	0.978071	11	PKOX	ZZOL	1717	798
4.07667004214	100.0	3.177517	1.000000	2	PKOX	PYHZ	1718	816
2.37528471428	100.0	1.734226	0.999994	9	KUXM	ZZOL	1721	799
0.862524935357	100.0	0.849751	0.995612	8	ZFGK	ZZOL	1723	800
1.42540116877	100.0	1.400493	0.999967	3	ZFGK	ZYCD	1724	810
3.21887582487	100.0	2.720177	1.000000	2	JKAA	ZYCD	1726	812
2.54898120945	100.0	1.793558	0.999999	5	KJYC	ZZOL	1729	801
3.22465076794	100.0	2.410103	1.000000	4	LGDQ	ZZOL	1731	802
1.98417784	100.0	1.820667	1.000000	2	LGDQ	ABIJ	1732	806
4.38617974011	100.0	2.957279	1.000000	2	Selmo_v1.0	ZZOL	1735	803
0.724633703354	100.0	0.172583	0.594253	309	ANON	CBNG	1738	159
0.277648768249	100.0	0.000000	0.461266	74	ANON	VBMM	1739	629
3.9967228723	100.0	2.415410	1.000000	10	ANON	DXOU	1740	757
0.303859521896	100.0	0.311027	0.851917	9	BSNI	DXOU	1742	759
4.45869367029	100.0	3.194732	1.000000	2	BSNI	TWUW	1743	773
2.7651278122	100.0	2.274429	1.000000	7	FAJB	DXOU	1746	760
3.21314515016	100.0	2.652591	1.000000	3	FAJB	WEEQ	1747	761
2.9618121025	100.0	2.684924	1.000000	2	WCZB	WEEQ	1749	762
2.76930284168	100.0	2.556642	1.000000	4	AKXB	DXOU	1752	766
0.567916316383	100.0	0.650749	0.997984	3	UCRN	DXOU	1754	767
2.87186421187	100.0	2.449361	1.000000	2	TCBC	DXOU	1756	768
0.575913263613	100.0	0.298818	0.743749	64	HERT	VBMM	1759	630
4.04272364083	100.0	2.556202	1.000000	22	HERT	OFTV	1760	631
3.62527009297	100.0	2.766942	1.000000	7	HERT	HMHL	1761	661
0.143959810733	98.0	0.090661	0.490862	6	TXVB	HMHL	1763	662
0.669454100352	100.0	0.515547	0.993421	5	ILBQ	HMHL	1765	663
1.96482520944	100.0	1.907248	1.000000	2	ILBQ	WJLO	1766	664
1.0117005809	100.0	1.058423	0.999995	3	TFYI	HMHL	1769	667
2.04576380498	100.0	2.105508	1.000000	2	JPYU	HMHL	1771	668
2.71570718384	100.0	2.028244	1.000000	15	PIUF	OFTV	1774	632
4.82487927485	100.0	3.406030	1.000000	2	PIUF	JHFI	1775	658
0.0730212446237	80.0	0.056792	0.480127	13	YFGP	OFTV	1778	633
0.503963919775	100.0	0.414171	0.929791	12	NRWZ	OFTV	1780	634
0.894714180628	100.0	0.535498	0.968061	11	HPXA	OFTV	1782	635
0.13161523619	37.0	0.140954	0.582894	5	HPXA	UUHD	1783	647
0.377814156184	100.0	0.297707	0.827623	4	TGKW	UUHD	1785	649
0.106232979788	90.0	0.024724	0.426109	3	BNCU	UUHD	1787	651
3.47298409895	100.0	2.672105	1.000000	2	KRUQ	UUHD	1789	652
0.806616254346	100.0	0.423591	0.930102	6	LGOW	OFTV	1792	636
1.20847156271	100.0	1.585390	1.000000	5	RTMU	OFTV	1794	638
0.0457038629986	62.0			4	WZYK	OFTV	1796	
2.12201024805	100.0	1.917492	1.000000	3	YBQN	OFTV	1798	642
2.09055587144	100.0	1.993745	1.000000	2	IRBN	OFTV	1800	644
4.14736695475	100.0	2.476422	1.000000	42	SKQD	VBMM	1803	674
0.613825239774	100.0	0.588801	0.993134	41	GOWD	VBMM	1805	675
4.38867117739	100.0	3.244376	1.000000	3	GOWD	UHLI	1806	751
0.0222456089473	45.0			2	RCBT	UHLI	1808	
2.15571236377	100.0	1.855991	1.000000	38	WOGB	VBMM	1811	676
1.97093684072	100.0	1.827135	1.000000	37	HVBQ	VBMM	1813	677
0.129849667726	99.0	0.100932	0.568903	3	HVBQ	ZTHV	1814	745
3.26564148508	100.0	2.861198	1.000000	2	SZYG	ZTHV	1816	746
1.06211540225	100.0	0.938831	0.999854	34	HRWG	VBMM	1819	678
1.24024427073	100.0	1.110393	0.999992	33	AWOI	VBMM	1821	679
2.77824274921	100.0	2.286031	1.000000	32	KEFD	VBMM	1823	680
0.412379596325	100.0	0.286027	0.836243	3	KEFD	Phypa_v3.0	1824	738
4.52900882502	100.0	3.316074	1.000000	2	YEPO	Phypa_v3.0	1826	740
0.483378259238	100.0	0.361309	0.904887	29	ZQRI	VBMM	1829	681
0.530823140996	100.0	0.257978	0.804919	28	BPSG	VBMM	1831	682
1.3931697029	100.0	0.813792	0.999084	8	BPSG	GRKU	1832	722
0.692079280376	100.0	0.533236	0.985923	7	ABCD	GRKU	1834	723
3.49382249516	100.0	2.737846	1.000000	2	ABCD	RDOO	1835	733
0.152156323244	99.0	0.082308	0.505318	5	VMXJ	GRKU	1838	724
4.45731928101	100.0	3.401784	1.000000	2	VMXJ	RGKI	1839	730
0.163859234574	99.0	0.136879	0.631507	3	NGTD	GRKU	1842	725
0.754952111844	100.0	0.680391	0.997695	2	FFPD	GRKU	1844	726
2.59673626728	100.0	1.772105	1.000000	20	YWNF	VBMM	1847	683
0.129295408085	96.0	0.053365	0.477588	19	ORKS	VBMM	1849	684
0.438725776453	100.0	0.271181	0.816990	18	BGXB	VBMM	1851	685
0.510460483497	100.0	0.251722	0.803906	3	BGXB	JMXW	1852	715
4.33883300818	100.0	3.025497	1.000000	2	XWHK	JMXW	1854	716
0.760991737599	100.0	0.626381	0.992764	15	CMEQ	VBMM	1857	686
0.253988532762	100.0	0.184948	0.724645	14	WNGH	VBMM	1859	687
3.49104399541	100.0	2.515271	1.000000	13	DHWX	VBMM	1861	688
0.190870343809	99.0	0.152208	0.661937	12	QKQO	VBMM	1863	689
0.118698420003	94.0	0.078839	0.527945	11	IGUH	VBMM	1865	690
3.54271857001	100.0	2.943209	1.000000	2	IGUH	ZACW	1866	708
0.515410774132	100.0	0.247201	0.791894	9	TAVP	VBMM	1869	691
0.0375137889969	52.0	0.064327	0.497491	8	EEMJ	VBMM	1871	692
0.444718849372	100.0	0.311331	0.884455	2	EEMJ	LNSF	1872	704
0.0914854066633	81.0	0.021113	0.419544	6	QMWB	VBMM	1875	693
1.09789090403	100.0	0.863787	0.999925	2	QMWB	TMAJ	1876	701
0.0425463188663	41.0			4	MIRS	VBMM	1879	
0.36256526725	100.0	0.233316	0.783985	2	MIRS	WSPM	1880	694
1.03718003212	100.0	0.780577	0.999669	2	JADL	VBMM	1883	698
3.52377868484	100.0	0.590039	0.824125	235	TPHT	CBNG	1886	160
0.248499964913	68.0	0.000000	0.373112	37	TPHT	WDGV	1887	556
0.999353008324	100.0	0.115014	0.553215	36	HAOX	WDGV	1889	557
0.194543986122	72.0	0.000000	0.365345	11	HAOX	MFZO	1890	607
0.241242909071	80.0	0.000000	0.409925	10	WSJO	MFZO	1892	608
1.22337361775	100.0	0.648791	0.921235	2	WSJO	WDCW	1893	624
2.71398805462	100.0	1.122204	0.991407	8	YOXI	MFZO	1896	609
5.29645225533	100.0	2.921091	1.000000	3	YOXI	RPGL	1897	619
1.52775988142	100.0	1.534393	1.000000	2	VAZE	RPGL	1899	620
0.818896528087	100.0	0.563204	0.917202	5	HKZW	MFZO	1902	610
0.562196615291	100.0	0.434743	0.881629	2	HKZW	ZRMT	1903	611
2.17608771146	100.0	1.819941	0.999999	3	JOJQ	MFZO	1906	614
0.670115696753	100.0	0.545430	0.987354	2	NBYP	MFZO	1908	615
0.79862962241	100.0	0.045179	0.516665	25	FFGR	WDGV	1911	558
0.722394741831	100.0	0.000000	0.359293	2	FFGR	KMNX	1912	604
0.697759728148	100.0	0.000000	0.418355	23	SNOX	WDGV	1915	559
0.178679299453	75.0			2	SNOX	XRTZ	1916	
0.299599873488	100.0	0.000000	0.428358	21	KEYW	WDGV	1919	561
1.01813078498	100.0	0.264040	0.657575	20	DRFX	WDGV	1921	562
1.8052014605	100.0	0.754702	0.924322	19	AEKF	WDGV	1923	563
1.17641708491	100.0	0.708689	0.920629	18	YSQT	WDGV	1925	564
0.330214489747	100.0	0.171454	0.599210	17	RPQV	WDGV	1927	565
0.624029386865	100.0	0.254033	0.656506	16	HIDG	WDGV	1929	566
0.603606302519	100.0	0.009033	0.459927	15	RQFE	WDGV	1931	567
1.17335314876	100.0	0.378595	0.751290	14	GYRP	WDGV	1933	568
0.87506118737	100.0	0.545167	0.846422	6	GYRP	GGWH	1934	584
0.360743966843	100.0	0.072903	0.499733	5	MNNM	GGWH	1936	585
2.17364315608	100.0	1.046443	0.990817	2	MNNM	ISHC	1937	586
1.30822936472	100.0	0.699090	0.939847	3	QWFV	GGWH	1940	589
0.142097677066	94.0	0.000000	0.393416	2	DFDS	GGWH	1942	590
0.264613265795	99.0	0.000000	0.380599	8	WCQU	WDGV	1945	569
0.0965654051012	69.0			3	WCQU	RPRU	1946	
0.302852647536	99.0	0.095811	0.525363	2	BHBK	RPRU	1948	580
1.41417485802	100.0	0.605911	0.884546	5	MCHJ	WDGV	1951	571
0.378250596603	100.0	0.030245	0.459161	4	GBGT	WDGV	1953	572
0.0644512815452	56.0			2	GBGT	MOYY	1954	
0.725363505638	100.0	0.431730	0.810099	2	STKJ	WDGV	1957	574
0.137927914504	64.0	0.000000	0.350330	198	DRGY	CBNG	1960	161
2.6689669882	100.0	0.332426	0.692661	3	DRGY	VQBJ	1961	551
3.0044302929	100.0	1.839409	0.999972	2	QPDY	VQBJ	1963	553
0.219537190389	97.0	0.000000	0.397328	195	Chabr_v0.1	CBNG	1966	162
4.50629267521	100.0	1.355107	0.993316	2	Chabr_v0.1	MWXT	1967	548
0.667414116424	100.0	0.000000	0.383345	193	BFIK	CBNG	1970	163
2.25282451007	100.0	0.390049	0.726647	4	BFIK	FQLP	1971	541
4.61522285402	100.0	2.778177	1.000000	3	FPCO	FQLP	1973	543
4.22284419954	100.0	2.705718	1.000000	2	Klefl_v1.0	FQLP	1975	545
2.14673758777	100.0	0.085497	0.552480	189	KYIO	CBNG	1978	164
0.82859726466	100.0	0.000000	0.403115	3	KYIO	AZZW	1979	536
1.43968011725	100.0	0.403076	0.747049	2	NNHQ	AZZW	1981	537
1.05947795922	100.0	0.000000	0.417789	186	XMCL	CBNG	1984	165
1.22409829521	100.0	0.000000	0.442257	3	XMCL	XJGM	1985	531
1.85043734873	100.0	0.383518	0.732217	2	HYHN	XJGM	1987	533
0.105763441144	67.0	0.000000	0.338773	183	QFND	CBNG	1990	166
2.71837078921	100.0	0.000000	0.462237	66	QFND	ULXR	1991	400
2.64210719415	100.0	0.350743	0.701235	4	QFND	PQED	1992	524
0.0951017192277	68.0	0.000000	0.403290	3	JKHA	PQED	1994	526
0.32383097619	100.0	0.032804	0.474708	2	POOW	PQED	1996	528
0.34107432303	100.0	0.000000	0.373813	62	Cyame_v1.0	ULXR	1999	401
1.05618912405	100.0	0.000000	0.394272	29	Cyame_v1.0	FTRP	2000	402
0.828395060008	100.0	0.000000	0.369247	28	LLXJ	FTRP	2002	403
0.162986317363	93.0	0.000000	0.353102	27	JJZR	FTRP	2004	404
0.147824079415	84.0			5	JJZR	OBUY	2005	
0.100303106424	54.0	0.000000	0.360894	4	RSOF	OBUY	2007	449
1.09925055618	100.0	0.000000	0.451381	2	RSOF	RTLC	2008	453
3.76892216179	100.0	0.797440	0.904582	2	PVGP	OBUY	2011	450
0.29792695867	97.0	0.000000	0.357570	22	ZULJ	FTRP	2014	406
2.70307779492	100.0	0.202001	0.619240	21	VZWX	FTRP	2016	407
0.292483757712	100.0	0.000000	0.425272	4	VZWX	XAXW	2017	441
0.468845269986	100.0	0.000000	0.413388	3	YSBD	XAXW	2019	442
1.69577130495	100.0	0.422864	0.743586	2	UYFR	XAXW	2021	444
0.291416998399	100.0	0.000000	0.421419	17	JEBK	FTRP	2024	408
1.09934903126	100.0	0.147368	0.582150	8	JEBK	UGPM	2025	409
3.27609485615	100.0	0.992518	0.955524	3	JEBK	IHJY	2026	419
0.108802859849	83.0			2	BWVJ	IHJY	2028	
0.233503194074	99.0	0.000000	0.396793	5	IEHF	UGPM	2031	410
2.18602514134	100.0	0.581188	0.825080	4	CKXF	UGPM	2033	411
2.25371428041	100.0	0.761577	0.898265	3	SBLT	UGPM	2035	413
4.20965540873	100.0	1.134486	0.976616	2	WEJN	UGPM	2037	414
0.556543091628	100.0	0.000000	0.465716	9	PYDB	FTRP	2040	424
3.15634050869	100.0	0.937059	0.943836	4	PYDB	ZJOJ	2041	434
0.557345639401	100.0	0.278334	0.673643	3	URSB	ZJOJ	2043	435
0.200808043066	98.0	0.000000	0.387970	2	IKIZ	ZJOJ	2045	437
2.50712697792	100.0	0.714094	0.879147	5	IKWM	FTRP	2048	425
1.90760284591	100.0	0.532961	0.813830	4	LJPN	FTRP	2050	427
3.37872452581	100.0	0.989235	0.959164	2	LJPN	VNAL	2051	431
2.69688722762	100.0	0.794061	0.913263	2	PWKQ	FTRP	2054	428
0.188064598353	95.0	0.000000	0.354078	33	ROZZ	ULXR	2057	459
2.76090406103	100.0	0.414594	0.735522	4	ROZZ	IAYV	2058	517
0.066841450609	55.0			2	ROZZ	BAKF	2059	
0.896696496273	100.0	0.215349	0.623440	2	IRZA	IAYV	2062	520
0.150051145417	85.0	0.000000	0.337716	29	BAJW	ULXR	2065	460
1.30189592444	100.0	0.100141	0.560280	7	BAJW	NMAK	2066	504
2.28939057271	100.0	0.499533	0.781998	2	BAJW	LXRN	2067	514
2.51540759611	100.0	0.540653	0.806381	5	EBWI	NMAK	2070	505
2.68102152871	100.0	0.959217	0.962441	4	RFAD	NMAK	2072	506
0.736611432875	100.0	0.191224	0.613503	3	LLEN	NMAK	2074	508
0.516939811416	100.0	0.141994	0.556823	2	VJED	NMAK	2076	510
1.37706929045	100.0	0.085032	0.551869	22	BOGT	ULXR	2079	461
2.51339852878	100.0	0.769920	0.895974	3	BOGT	DBYD	2080	499
2.05838813248	100.0	0.986511	0.959919	2	VKVG	DBYD	2082	500
3.85372539299	100.0	0.918624	0.938843	19	APTP	ULXR	2085	462
0.300879138646	100.0	0.118135	0.547097	18	LIRF	ULXR	2087	463
0.812166628648	100.0	0.325938	0.707159	17	FOMH	ULXR	2089	464
3.163797231	100.0	1.450108	0.997101	8	FOMH	VYER	2090	465
1.02636132726	100.0	0.682526	0.930068	3	FOMH	FIKG	2091	466
1.69495289992	100.0	1.122503	0.991924	2	HFIK	FIKG	2093	467
0.289919674683	100.0	0.066438	0.481811	5	RWXW	VYER	2096	471
0.30510493389	100.0	0.030284	0.455825	4	LDRY	VYER	2098	472
0.37177824107	100.0	0.178571	0.604139	3	YRMA	VYER	2100	473
0.485458855533	100.0	0.143850	0.571385	2	JGGD	VYER	2102	475
0.552569265261	100.0	0.208421	0.618066	9	FSQE	ULXR	2105	480
0.305787454704	100.0	0.145833	0.569628	8	FIDQ	ULXR	2107	481
2.74792435081	100.0	1.193824	0.986819	3	FIDQ	SRSQ	2108	482
1.70040969064	100.0	1.015688	0.979687	2	RAPY	SRSQ	2110	483
1.67136619735	100.0	0.859466	0.947126	5	ASZK	ULXR	2113	487
1.42996760439	100.0	0.801297	0.952314	4	QLMZ	ULXR	2115	488
0.984251292032	100.0	0.645850	0.913715	3	JCXF	ULXR	2117	489
0.0290860688814	49.0			2	VRGZ	ULXR	2119	
0.803575730422	100.0	0.000000	0.354027	117	EGNB	CBNG	2122	167
0.353759208443	84.0			10	EGNB	MCPK	2123	
0.128435556862	61.0			9	JMTE	MCPK	2125	
0.165197155208	60.0	0.000000	0.411127	8	TNAW	MCPK	2127	384
2.36675846121	100.0	0.742192	0.889870	2	TNAW	XIVI	2128	396
0.868757379302	100.0	0.000000	0.461284	6	XOAL	MCPK	2131	385
0.0249608291328	44.0			2	XOAL	BTFM	2132	
2.68376020036	100.0	0.796148	0.906171	4	Micpu_v3.0	MCPK	2135	387
2.76615783191	100.0	1.154467	0.980280	2	Micpu_v3.0	QXSZ	2136	388
0.492032831582	100.0	0.217437	0.621334	2	Ostlu_v2.0	MCPK	2139	391
0.149951450388	77.0			107	ISIM	CBNG	2142	
2.87844583497	100.0	0.478932	0.772757	2	ISIM	MMKU	2143	380
0.246703816749	86.0	0.000000	0.334663	105	TGNL	CBNG	2146	170
0.39087387334	96.0	0.000000	0.373095	104	AYPS	CBNG	2148	171
1.68828661849	100.0	0.000000	0.409754	103	RRSV	CBNG	2150	172
0.170676694096	72.0			6	RRSV	HHXJ	2151	
4.45436157228	100.0	1.121911	0.975229	2	RRSV	PUAN	2152	374
4.06148007804	100.0	1.241930	0.987397	4	FMVB	HHXJ	2155	367
0.663881381954	100.0	0.465384	0.843438	3	DUMA	HHXJ	2157	369
1.96175820409	100.0	1.262590	0.995333	2	HVNO	HHXJ	2159	371
0.607167440163	100.0	0.000000	0.350149	97	PFUD	CBNG	2162	174
0.873952223833	100.0	0.000000	0.377916	16	PFUD	ETGN	2163	336
0.157612717589	70.0	0.000000	0.353525	8	PFUD	EEJO	2164	352
0.305475337795	89.0	0.000000	0.388170	3	PFUD	MNCB	2165	353
1.99070622508	100.0	0.564967	0.828209	2	MFYC	MNCB	2167	354
2.35549717359	100.0	0.533178	0.801526	5	JQFK	EEJO	2170	358
0.160942969811	85.0			4	BILC	EEJO	2172	
0.480502613586	100.0	0.165256	0.577372	3	AKCR	EEJO	2174	362
3.72069743238	100.0	1.976862	0.999977	2	Chlva_v1.0	EEJO	2176	364
0.935117357123	100.0	0.000000	0.428759	8	WCLV	ETGN	2179	337
3.78832263424	100.0	1.499114	0.997610	2	WCLV	WXRI	2180	338
0.376402703083	100.0	0.000000	0.416182	6	EATP	ETGN	2183	341
0.0159054731712	41.0	0.000000	0.349463	2	EATP	ZNUM	2184	342
0.0587976788933	34.0	0.000000	0.348579	4	NKXU	ETGN	2187	345
0.692714531925	100.0	0.267056	0.657370	3	GXBM	ETGN	2189	346
4.26736372635	100.0	1.595650	0.998826	2	QYXY	ETGN	2191	348
0.397206820818	98.0	0.000000	0.352221	81	GYBH	CBNG	2194	175
0.0178559870253	35.0			63	GYBH	ZDIZ	2195	
4.88749312972	100.0	0.955099	0.947127	2	GYBH	JTIG	2196	333
2.30769293019	100.0	0.000000	0.486901	61	BAZF	ZDIZ	2199	176
1.30082151869	100.0	0.012102	0.505514	8	BAZF	JMUI	2200	177
0.00834368756996	22.0	0.000000	0.362293	7	DVYE	JMUI	2202	179
4.86239305096	100.0	1.837600	0.999872	2	DVYE	SDPC	2203	189
1.7985219208	100.0	1.024284	0.970788	5	IJMT	JMUI	2206	180
2.54727824075	100.0	1.101842	0.984740	4	RAWF	JMUI	2208	182
2.76498412285	100.0	1.465629	0.997625	2	RAWF	ISGT	2209	186
0.341965764031	100.0	0.254242	0.672640	2	VFIV	JMUI	2212	183
0.33651874186	99.0	0.000000	0.377957	53	DZPJ	ZDIZ	2215	192
0.45562314229	99.0	0.000000	0.349049	11	DZPJ	XTON	2216	276
0.267217990997	89.0	0.000000	0.336866	3	DZPJ	ENAU	2217	292
2.11758833056	100.0	0.606663	0.845087	2	MXDS	ENAU	2219	294
0.323396642272	95.0	0.000000	0.378164	8	FOYQ	XTON	2222	277
0.0614338474796	40.0			7	BZSH	XTON	2224	
2.60587369836	100.0	0.521466	0.797709	6	OTQG	XTON	2226	279
0.260082108237	99.0	0.000000	0.403549	5	MWAN	XTON	2228	280
1.43173500649	100.0	0.730269	0.916218	2	MWAN	PZIF	2229	286
1.45479330242	100.0	0.709208	0.904381	3	VJDZ	XTON	2232	281
2.93592181977	100.0	1.632102	0.999304	2	XKWQ	XTON	2234	283
0.61387199571	100.0	0.000000	0.390010	42	VIAU	ZDIZ	2237	193
0.255303929379	69.0			2	VIAU	RUIF	2238	
0.0	14.0			40	FXHG	ZDIZ	2241	
0.477330546846	99.0			39	UTRE	ZDIZ	2243	
4.86232466283	100.0	1.527163	0.998139	4	UTRE	AJUW	2244	267
0.659508821411	100.0	0.408697	0.827797	3	AOUJ	AJUW	2246	268
2.8135767332	100.0	1.648487	0.999675	2	LBRP	AJUW	2248	269
0.116365977685	49.0	0.000000	0.378945	35	XDLL	ZDIZ	2251	197
1.00324082052	100.0	0.000000	0.386768	16	XDLL	WRSL	2252	198
4.63796000881	100.0	1.739991	0.999669	2	XDLL	OFUE	2253	226
1.58450703143	100.0	0.188761	0.605728	14	IRYH	WRSL	2256	199
0.322757097909	100.0	0.000000	0.373409	13	QWRA	WRSL	2258	201
1.79064006715	100.0	0.491871	0.783730	2	QWRA	USIX	2259	223
1.89908667351	100.0	0.482362	0.783040	11	JKKI	WRSL	2262	202
1.81753454034	100.0	0.539052	0.815623	10	BCYF	WRSL	2264	203
0.395938177275	100.0	0.043528	0.490551	9	Chlre_v5.5	WRSL	2266	204
0.0742513361354	60.0	0.000000	0.336312	8	IHOI	WRSL	2268	206
0.566057154638	100.0	0.156504	0.576714	7	KUJU	WRSL	2270	208
0.117438357055	87.0	0.030341	0.459891	6	ISPU	WRSL	2272	210
1.20968872632	100.0	0.610316	0.905145	5	RNAT	WRSL	2274	211
0.103537904966	77.0	0.009389	0.421566	2	RNAT	RYJX	2275	217
0.246586585769	100.0	0.081833	0.509313	3	Volca_v2.0	WRSL	2278	212
3.79986069175	100.0	2.127126	0.999997	2	JWGT	WRSL	2280	213
1.3694590235	100.0	0.000000	0.478189	19	ZIVZ	ZDIZ	2283	229
0.652547402148	100.0	0.000000	0.419364	8	ZIVZ	MULF	2284	230
4.4839986313	100.0	1.312469	0.991417	3	ZIVZ	ACRY	2285	240
2.59026716545	100.0	1.336450	0.995149	2	LNIL	ACRY	2287	242
0.636723322176	100.0	0.079569	0.531638	5	TSBQ	MULF	2290	231
3.03642172119	100.0	1.357225	0.996546	2	TSBQ	GFUR	2291	237
2.18798913662	100.0	0.988334	0.969982	3	JRGZ	MULF	2294	232
0.456748374367	100.0	0.283029	0.692199	2	VALZ	MULF	2296	233
2.59276903724	100.0	0.722346	0.887229	11	KFEB	ZDIZ	2299	245
0.836426465627	100.0	0.330341	0.706408	5	KFEB	QRTH	2300	257
0.876047414268	100.0	0.444296	0.807031	2	KFEB	GUBD	2301	263
0.579130775589	100.0	0.248654	0.655159	3	ZLQE	QRTH	2304	258
4.56154444171	100.0	1.797121	0.999809	2	PRIQ	QRTH	2306	259
2.96877811005	100.0	1.181154	0.987772	6	ZFXU	ZDIZ	2309	246
2.88834087502	100.0	1.508407	0.999375	5	SYJM	ZDIZ	2311	248
2.60445125592	100.0	1.623768	0.999897	4	UKUC	ZDIZ	2313	250
3.00978751733	100.0	1.946258	0.999994	3	RHVC	ZDIZ	2315	252
0.216004799208	100.0	0.177102	0.634460	2	WDWX	ZDIZ	2317	253
0.433819538646	95.0			18	NATT	CBNG	2320	
0.756707663206	100.0	0.000000	0.387384	4	NATT	VBLH	2321	326
3.84303745992	100.0	0.886676	0.930528	2	NATT	YDCQ	2322	330
0.439068547454	99.0	0.000000	0.381981	2	VHIJ	VBLH	2325	327
0.572856949417	100.0	0.000000	0.365429	14	ALZF	CBNG	2328	298
3.76199180558	100.0	0.830173	0.916085	2	ALZF	NSTT	2329	322
0.277357151892	96.0	0.000000	0.347673	12	KADG	CBNG	2332	299
4.88381160718	100.0	1.109492	0.973757	11	GJIY	CBNG	2334	300
0.298081388121	100.0	0.030087	0.475079	7	GJIY	CQQP	2335	308
1.01778529192	100.0	0.528488	0.832865	6	KSFK	CQQP	2337	309
0.212472769921	100.0	0.000000	0.421538	5	LSHT	CQQP	2339	310
0.254492425891	100.0	0.000000	0.433725	2	LSHT	NQYP	2340	316
2.71204104414	100.0	0.903286	0.946604	3	OQON	CQQP	2343	311
0.591841705631	100.0	0.234232	0.627009	2	OAEZ	CQQP	2345	313
0.577095688232	100.0	0.225454	0.629247	4	JIWJ	CBNG	2348	301
1.69945031917	100.0	1.031295	0.971995	3	AJAU	CBNG	2350	302
4.47733681448	100.0	1.622893	0.999170	2	LETF	CBNG	2352	304
